20,10,2
199,190,4
58,75,2
2,137,2
3,89,4
66,200,4
86,35,2
109,138,2
158,98,4
5,106,2
87,75,2
206,141,2
47,133,4
77,22,4
191,11,4
61,86,2
109,160,4
89,113,2
183,193,4
43,95,2
162,203,4
18,9,4
157,3,4
131,146,4
191,70,2
126,156,4
90,36,4
102,37,2
25,145,4
71,199,4
91,128,2
129,89,2
109,130,2
125,66,4
50,188,2
181,190,4
159,111,2
80,6,4
70,137,4
11,70,2
25,89,2
185,37,4
31,5,4
135,95,4
141,88,2
178,49,2
128,189,4
135,108,2
196,28,2
116,99,2
116,65,4
21,187,2
101,156,2
36,156,4
50,9,4
89,100,4
202,192,4
107,79,4
53,57,4
161,39,2
50,2,4
165,150,4
188,6,2
11,57,4
97,149,4
107,121,4
190,76,4
55,69,4
83,168,4
11,27,4
130,17,2
91,53,4
94,22,4
193,105,4
202,32,4
115,144,2
66,100,4
156,145,2
72,103,4
172,88,2
22,183,4
110,82,4
37,61,2
124,37,2
40,121,4
50,101,2
209,8,4
181,25,2
117,76,2
59,89,2
206,38,2
48,90,2
130,187,4
208,79,4
64,38,2
150,135,4
16,54,4
94,27,4
131,171,4
69,22,2
143,182,2
138,187,4
157,135,4
122,179,4
90,177,2
56,140,2
186,78,2
208,72,2
149,164,2
138,175,2
8,173,4
57,34,2
23,184,4
6,200,2
26,53,4
27,88,4
172,47,4
202,118,4
63,146,2
165,62,2
195,12,4
142,169,4
70,198,2
73,71,2
139,109,2
165,133,2
123,1,2
198,170,4
101,124,4
186,79,2
149,80,4
162,106,2
75,206,4
92,180,4
26,11,4
38,29,2
158,18,2
68,36,2
163,139,4
189,28,4
43,107,2
35,51,4
26,53,4
63,28,2
120,11,4
147,135,2
52,174,4
47,93,4
160,81,4
159,137,2
112,22,2
83,124,4
142,142,4
89,82,4
56,11,4
116,164,4
168,50,2
137,20,4
164,42,2
3,56,2
131,130,4
111,156,2
142,186,4
162,107,2
3,142,2
77,79,2
147,124,4
101,17,2
106,205,4
6,125,2
93,172,2
23,77,4
185,65,2
40,16,2
51,180,2
142,196,2
168,10,4
13,20,4
130,79,4
68,130,2
90,122,4
179,87,4
9,26,4
129,33,4
108,63,4
196,23,4
173,15,4
29,162,2
51,90,4
155,143,2
166,145,2
41,127,4
47,80,2
172,58,4
141,202,4
168,88,2
65,125,2
85,118,2
182,61,2
139,88,2
86,163,4
119,170,4
25,135,4
134,176,2
91,96,2
7,19,2
16,85,4
140,164,4
165,196,2
75,147,4
120,124,2
19,95,4
196,165,4
186,92,4
57,112,4
135,141,2
109,117,4
23,203,4
63,206,2
149,109,2
153,69,4
159,8,2
117,190,4
186,25,2
99,9,4
100,59,2
187,63,2
3,160,2
24,3,4
107,196,2
89,138,2
26,174,4
182,158,4
152,129,4
125,40,2
99,121,4
38,48,4
55,150,2
11,172,2
34,203,4
56,1,4
79,31,2
98,2,4
78,121,2
12,74,2
87,40,4
85,72,4
134,128,2
157,206,2
177,158,2
29,61,4
165,28,4
51,149,4
60,124,2
137,70,2
165,129,2
6,91,4
41,190,2
207,23,4
32,189,4
24,209,4
69,177,4
187,52,4
169,151,2
8,77,2
77,171,2
68,122,2
19,181,4
7,205,2
177,180,2
107,162,4
155,105,4
108,98,4
137,53,2
182,47,4
36,96,2
18,11,2
99,123,4
54,194,4
41,69,4
113,127,2
158,177,4
195,16,4
90,24,2
57,80,2
163,194,2
25,69,2
182,156,4
151,83,4
16,148,2
200,89,2
141,126,4
177,139,2
128,149,4
174,80,2
178,53,4
160,147,4
59,45,2
41,113,2
191,145,2
81,202,2
10,54,4
18,85,2
47,111,4
18,4,4
177,99,4
5,103,2
192,64,2
53,168,2
180,178,2
23,142,4
8,18,4
126,123,4
101,175,2
19,120,4
88,15,2
84,174,4
50,99,4
143,173,2
207,189,4
190,75,2
182,4,2
79,200,2
117,171,2
65,147,4
28,124,4
97,11,4
157,168,4
8,104,2
90,135,2
146,109,4
124,154,2
62,24,2
20,8,4
4,93,4
26,97,4
203,58,4
121,32,4
66,192,4
67,9,4
201,27,4
0,36,4
80,27,2
8,63,2
100,127,4
45,25,4
116,31,4
22,82,4
153,46,2
144,96,2
189,85,4
36,187,2
163,194,2
50,153,4
16,152,4
206,155,2
165,51,4
151,45,4
107,168,4
50,7,2
132,50,4
34,41,4
144,19,2
120,27,4
109,72,4
34,110,2
77,143,4
33,136,2
163,146,2
55,179,2
78,73,2
166,7,4
182,177,2
72,82,4
136,79,4
27,19,4
14,172,4
100,78,2
0,1,2
3,103,4
76,177,4
92,105,2
70,136,2
114,87,2
16,190,4
190,34,2
18,72,2
6,68,4
120,130,2
60,194,2
110,138,4
104,145,4
58,158,2
152,70,2
163,131,2
92,194,2
107,57,2
181,145,4
155,20,2
99,111,4
41,115,4
199,9,2
132,85,4
36,171,2
196,5,2
104,74,4
25,19,4
91,30,4
132,11,4
31,202,2
193,64,2
178,202,4
1,92,4
103,22,2
170,96,2
92,112,2
96,159,2
200,52,4
6,25,2
12,47,2
57,175,4
160,82,4
162,112,4
46,23,2
200,92,4
73,175,4
146,46,2
185,41,2
57,184,4
165,208,4
87,37,4
129,147,4
106,186,2
86,56,2
105,104,2
95,47,4
30,186,2
137,184,4
20,130,4
202,124,4
47,127,4
115,117,4
209,41,2
102,36,2
30,116,2
70,12,4
146,46,4
26,161,4
4,105,2
149,152,4
161,169,4
71,143,4
53,56,2
194,31,4
108,144,2
96,181,4
40,118,2
204,126,4
171,91,2
196,194,2
4,62,2
102,11,2
26,16,2
74,110,4
78,53,2
107,29,4
208,162,2
145,82,4
42,85,2
191,178,2
98,190,4
88,142,4
87,36,2
135,31,2
155,196,4
158,136,4
18,18,4
156,156,2
206,183,2
110,20,4
69,119,2
104,91,2
54,65,4
156,203,2
191,193,4
191,53,2
119,148,2
85,47,4
192,121,2
59,59,2
200,89,2
150,168,4
111,111,2
138,170,2
147,197,2
89,75,2
83,94,4
57,54,2
108,74,2
130,129,4
91,18,4
47,27,4
28,167,4
114,2,2
52,23,2
142,21,4
6,174,4
102,121,4
126,0,4
129,71,4
194,64,2
171,12,4
87,197,4
115,27,2
57,164,4
20,48,2
66,122,2
82,145,4
41,79,4
97,33,2
80,111,2
0,43,2
51,77,4
181,32,2
162,127,2
102,198,4
196,34,2
134,189,4
89,184,2
135,182,2
131,154,4
197,138,2
44,79,2
54,173,4
30,57,4
190,54,4
34,162,4
84,23,4
169,195,4
17,42,2
87,124,2
133,10,2
13,188,2
178,161,2
74,140,4
174,90,4
82,10,2
39,45,4
29,68,4
50,38,4
143,141,4
113,103,4
172,14,4
184,47,4
204,71,4
163,129,4
6,32,2
11,23,4
32,93,4
65,89,4
130,17,2
209,163,4
103,22,2
4,14,2
174,79,4
9,131,4
89,95,2
123,43,2
121,131,2
0,125,2
121,71,4
149,164,2
14,27,2
184,192,4
197,162,2
119,180,4
115,100,4
199,18,4
202,36,4
45,128,4
171,124,4
191,43,2
3,24,2
117,155,4
79,23,2
83,36,2
6,59,4
41,86,2
10,205,4
36,184,4
26,57,2
74,109,2
86,34,2
129,142,2
10,18,2
30,125,2
201,101,4
163,35,4
90,132,4
96,71,4
70,54,2
91,42,2
1,14,4
192,150,2
34,100,4
52,93,2
134,77,2
202,83,4
10,161,2
202,152,2
126,81,4
202,165,4
131,76,2
91,160,4
18,87,4
80,43,4
42,208,2
92,159,2
101,94,4
13,31,4
36,193,4
97,8,4
194,62,4
168,138,4
128,114,2
12,108,2
6,181,2
148,112,2
37,198,2
83,42,2
191,186,2
96,124,4
97,156,2
63,141,2
204,124,2
101,60,4
39,164,2
0,202,2
185,190,4
14,90,4
34,109,4
113,108,4
65,169,2
49,84,2
111,92,2
162,57,4
108,162,2
82,38,2
69,158,2
39,132,2
139,73,4
15,107,4
120,146,2
178,176,4
170,144,4
111,130,4
26,73,4
179,176,4
31,52,2
188,27,4
1,35,2
50,199,4
203,99,4
7,97,2
7,76,2
24,162,4
155,23,2
148,137,2
194,36,4
77,181,4
23,205,4
75,186,4
140,3,2
61,109,4
101,181,4
162,206,2
82,137,2
57,27,2
25,115,4
48,188,4
4,67,4
17,106,2
20,8,2
158,90,4
9,33,4
135,48,2
96,119,2
188,79,2
73,78,4
106,92,4
53,94,2
116,179,2
0,23,2
194,9,2
186,199,4
174,184,4
83,31,2
156,177,2
145,58,2
86,140,2
199,115,4
160,102,4
17,172,4
57,35,4
36,20,4
185,1,4
198,157,4
8,58,4
163,119,4
55,88,4
190,106,2
141,47,2
152,104,4
195,161,2
44,140,4
57,155,2
16,174,4
184,187,2
193,105,4
41,64,4
197,46,2
54,73,4
130,89,2
19,54,4
0,141,4
179,27,4
92,154,2
80,84,4
163,76,2
141,180,2
60,28,2
175,174,4
187,11,2
63,131,2
142,90,4
64,28,2
171,139,4
150,8,2
118,30,4
93,171,4
150,208,2
39,123,2
165,161,2
96,159,4
145,173,4
171,150,4
37,87,2
24,89,2
92,83,2
76,70,4
9,28,4
201,27,4
106,65,2
18,111,4
31,37,2
24,94,2
100,20,2
57,9,4
14,22,2
197,129,4
149,146,4
178,170,4
145,57,2
25,148,4
130,117,4
177,72,4
176,113,2
87,136,2
72,148,4
74,141,2
183,180,4
196,31,2
188,137,4
59,129,4
168,11,4
159,93,4
116,22,4
74,12,4
23,137,4
15,95,2
107,94,4
171,174,2
65,178,2
22,82,2
165,200,4
59,18,4
147,68,2
175,134,2
43,84,2
182,94,2
177,74,2
63,104,2
128,40,4
130,54,4
58,76,4
7,66,2
179,59,2
51,60,4
45,88,2
204,24,4
21,11,4
109,26,4
24,79,2
126,16,2
7,59,4
46,112,4
111,129,2
180,167,4
0,155,4
60,193,4
148,128,2
62,3,4
85,101,2
47,55,2
30,100,4
7,83,4
77,28,2
82,200,4
84,207,2
140,51,4
63,134,2
106,5,2
3,180,4
93,74,4
68,158,2
112,174,2
6,31,2
74,5,4
155,3,2
181,177,4
183,114,4
70,160,2
186,133,4
104,171,2
90,160,2
5,85,4
55,4,4
33,88,4
161,106,4
52,3,4
31,155,2
57,27,2
47,197,4
170,172,4
140,95,4
178,160,2
129,191,4
190,49,2
93,9,4
49,17,4
96,5,2
10,161,4
160,114,2
168,35,4
148,132,2
204,126,2
120,157,4
142,52,2
161,83,2
25,206,2
6,176,4
155,7,4
26,131,2
183,58,2
199,11,4
70,108,4
100,17,2
74,132,2
84,65,4
121,163,4
187,103,2
79,55,4
187,41,4
146,0,2
95,145,2
175,84,4
121,119,4
206,50,2
58,169,4
101,94,4
61,185,4
90,131,4
204,55,2
51,156,4
12,133,2
133,10,2
62,7,4
83,4,2
192,200,4
58,95,2
70,155,4
52,179,2
150,80,4
178,171,2
126,198,2
177,65,2
201,41,4
63,204,4
174,138,4
128,21,2
144,32,4
78,169,2
152,7,2
201,86,4
17,146,4
118,39,2
198,196,2
39,186,2
108,78,2
52,21,4
51,80,4
54,91,2
64,31,2
46,51,4
194,10,4
188,161,2
26,174,4
113,73,2
57,55,4
94,112,4
203,209,2
30,51,4
114,32,2
17,105,2
8,104,2
135,39,4
118,147,4
137,121,4
10,0,2
20,85,4
177,41,2
198,14,4
37,4,2
97,121,2
107,188,4
13,75,4
129,126,2
199,152,2
96,80,2
203,101,4
130,131,4
84,117,2
95,112,4
126,35,2
128,24,4
111,168,2
93,182,4
194,175,4
0,31,2
104,198,2
0,127,2
207,128,2
180,131,4
98,193,4
105,27,4
195,35,4
105,157,2
44,106,2
172,20,2
126,208,4
18,135,4
189,143,4
34,28,4
82,158,2
208,176,4
94,18,2
137,118,2
41,12,4
63,122,4
46,174,2
161,30,4
113,117,4
158,198,4
74,57,2
203,163,2
103,113,2
183,193,2
166,174,4
98,173,4
47,48,4
178,75,2
13,46,2
160,78,2
149,6,4
145,117,4
183,40,2
197,141,2
52,180,4
40,79,4
127,150,4
28,101,4
128,209,2
177,56,2
89,201,2
82,138,4
166,19,2
57,43,4
118,198,4
111,34,4
77,77,4
153,143,2
181,50,4
46,34,4
132,170,4
50,36,4
45,115,4
20,181,4
36,58,4
178,30,2
79,133,2
126,87,2
72,92,2
144,66,4
59,98,4
113,2,4
33,10,4
94,124,4
122,130,2
10,191,4
107,1,2
129,131,2
162,176,2
3,36,4
4,93,4
48,35,4
133,205,4
182,71,4
161,191,2
138,52,4
194,197,4
30,180,4
49,199,4
199,86,4
76,31,4
119,27,4
134,21,4
145,28,4
115,161,2
185,154,2
173,117,4
38,120,4
96,133,4
26,186,2
3,195,2
144,182,2
180,45,4
130,157,4
70,105,4
56,6,2
208,42,4
148,119,4
38,9,4
113,100,4
152,80,4
106,4,4
153,95,2
208,203,4
155,160,4
110,158,4
51,28,4
87,20,4
103,191,4
152,93,4
145,41,4
53,121,2
50,18,4
150,166,4
204,139,4
21,205,2
201,92,4
82,97,4
198,98,2
191,84,4
123,81,4
189,7,2
201,23,2
28,16,2
82,85,2
159,178,4
18,140,2
195,200,4
169,37,4
148,104,4
142,160,2
150,162,4
89,48,4
139,58,4
79,98,4
67,172,2
20,126,4
70,42,2
43,19,4
111,1,4
40,52,2
69,148,4
98,46,4
4,98,4
86,132,4
69,175,4
105,9,4
174,3,4
9,48,4
155,170,4
115,152,2
87,173,4
0,52,4
167,16,4
133,47,2
16,155,4
54,91,2
103,134,4
200,64,4
132,104,2
17,78,4
97,72,4
129,53,4
121,192,4
27,186,4
174,151,4
143,119,4
133,13,4
47,39,4
1,162,4
195,101,2
24,57,2
115,16,2
25,151,4
153,17,2
205,119,4
111,196,4
92,59,4
28,127,2
90,2,4
137,182,4
104,132,4
168,41,4
174,198,4
24,83,2
86,40,4
176,165,4
73,175,2
56,16,4
43,167,4
187,185,4
128,102,4
202,71,2
70,151,4
51,21,4
138,162,4
77,81,4
123,54,2
193,95,2
79,13,2
22,73,4
109,165,4
204,166,4
134,3,4
92,96,4
170,187,2
110,76,4
1,45,4
147,112,2
121,164,4
86,10,4
100,196,4
41,2,4
3,116,2
46,68,4
161,133,4
91,153,4
172,40,4
26,209,2
101,92,4
141,98,4
205,138,4
40,44,2
178,104,4
19,180,2
161,23,4
123,64,4
87,171,4
191,59,4
151,117,4
92,6,4
61,200,4
185,0,4
104,23,4
131,105,4
159,107,4
107,98,2
55,45,2
17,94,4
169,197,4
0,209,4
32,109,2
153,163,4
84,109,4
86,6,4
114,30,4
193,13,4
42,187,4
198,148,2
52,205,4
76,105,2
76,60,2
76,61,4
132,48,2
162,150,4
126,113,4
181,146,4
198,22,4
171,174,4
82,133,4
53,100,4
179,162,2
141,88,4
104,138,2
109,186,2
111,166,4
130,125,4
201,139,4
16,119,4
203,2,2
206,88,4
60,85,4
31,0,4
120,208,4
112,94,2
179,61,4
95,164,4
145,189,4
198,121,2
85,64,4
102,198,4
121,54,4
8,98,4
168,154,4
125,189,4
47,69,4
200,152,4
75,101,4
114,7,4
117,52,4
183,80,4
73,125,4
42,128,4
207,19,2
32,131,4
147,197,4
6,199,4
95,38,4
58,95,4
133,56,4
27,143,4
19,187,4
61,74,4
193,5,4
97,121,4
181,167,2
197,90,4
203,34,4
139,97,4
174,23,4
82,62,4
48,61,4
85,60,2
53,170,4
66,79,4
150,34,4
153,160,2
112,169,2
2,109,4
146,14,4
87,66,2
10,25,4
42,166,4
141,205,4
142,75,4
72,80,4
17,58,2
182,194,4
70,91,4
34,54,2
184,115,2
177,124,4
199,124,4
151,88,4
146,33,4
157,143,4
45,113,4
107,102,4
185,64,4
46,29,4
83,9,4
95,50,4
32,174,2
126,63,4
18,167,4
121,20,4
162,170,4
36,193,4
108,204,4
20,43,4
186,11,4
125,130,4
145,140,4
141,162,2
157,84,4
173,117,4
78,68,4
160,172,4
37,113,4
186,38,4
26,59,2
30,137,2
193,122,2
203,155,4
52,15,4
60,91,4
57,82,2
197,35,4
108,180,2
158,149,2
187,79,2
202,102,2
149,191,4
125,139,4
140,138,4
17,113,4
68,205,4
108,144,4
178,96,4
188,3,2
24,29,4
0,40,4
95,1,4
202,8,4
209,92,4
92,177,4
11,169,4
54,93,4
41,157,4
13,4,4
47,191,2
145,122,4
140,162,2
200,200,2
169,28,4
90,122,4
189,94,4
51,135,4
176,172,4
99,157,2
199,20,2
140,103,4
32,25,4
131,4,4
23,177,4
38,2,4
188,191,4
96,1,4
158,190,4
23,209,4
206,45,4
175,3,2
59,149,4
151,0,4
92,165,2
173,24,4
181,47,4
6,117,4
201,161,2
0,103,4
34,122,2
134,168,4
37,197,2
3,52,4
28,146,4
42,109,4
8,192,4
81,149,4
123,97,4
190,103,4
143,122,4
98,12,4
82,64,4
42,44,4
65,21,4
163,121,2
8,179,4
205,2,4
109,57,4
68,74,4
201,111,4
122,91,4
196,150,4
207,130,4
182,85,4
56,44,4
165,132,2
32,109,4
0,139,4
75,201,4
178,192,4
4,121,4
54,114,4
87,154,4
25,1,4
20,143,4
102,192,4
146,5,4
39,104,4
101,89,4
86,14,2
139,131,4
34,88,4
156,179,4
79,59,4
46,15,4
26,43,4
171,37,2
103,149,4
121,39,4
182,103,4
140,151,4
136,154,2
147,149,4
28,30,4
147,1,2
14,71,4
193,11,4
68,177,4
160,132,2
8,169,4
1,208,4
91,203,2
95,75,4
4,138,2
190,205,4
87,56,4
188,195,4
22,71,4
17,119,4
47,8,4
97,144,2
160,76,4
100,118,4
40,107,2
122,28,2
68,54,4
41,74,2
7,114,4
142,55,4
81,129,4
64,204,4
23,182,2
7,168,4
24,94,2
50,200,4
185,95,4
95,198,2
21,103,4
139,84,4
28,78,4
101,195,4
129,147,2
149,56,2
183,103,2
207,203,4
144,168,2
147,114,2
77,41,4
11,176,2
125,134,2
174,165,4
180,140,4
175,190,4
130,25,4
130,170,4
72,154,4
196,49,4
191,16,2
171,29,4
144,65,4
199,4,2
108,171,4
185,18,4
148,43,4
69,92,4
200,82,4
34,148,4
32,129,4
198,83,4
22,50,2
44,163,4
169,180,4
75,203,2
108,126,4
55,193,4
18,166,4
31,174,4
10,177,4
82,85,4
94,98,4
98,73,4
7,34,4
159,80,4
173,156,4
152,83,4
180,49,2
179,124,4
165,38,4
172,179,2
116,87,4
129,96,4
131,193,4
100,1,4
172,9,4
10,162,4
73,168,4
151,30,4
129,36,4
153,197,2
110,201,4
148,17,2
105,115,4
169,144,4
179,165,4
158,85,4
179,173,4
104,52,4
149,89,2
102,28,4
157,208,4
150,183,4
171,102,2
194,144,4
146,22,4
4,135,4
103,187,2
45,178,2
183,57,2
122,163,4
77,126,4
185,122,4
15,103,4
87,9,2
95,10,4
200,25,4
68,61,2
81,52,4
156,113,2
33,194,4
201,105,4
110,41,4
20,48,4
80,12,4
96,181,4
146,138,2
94,85,4
188,124,4
93,144,4
23,185,4
50,135,2
64,19,4
101,39,4
100,72,4
152,79,2
60,71,4
197,71,4
189,146,4
194,57,4
41,168,4
97,18,2
202,146,2
11,177,4
31,1,4
205,176,4
79,191,4
159,59,4
157,54,4
197,196,4
99,26,4
129,32,4
15,190,4
60,138,2
38,127,4
121,85,2
161,133,4
55,111,4
85,17,4
130,161,4
156,30,4
4,201,4
125,84,4
103,79,4
121,49,4
160,70,4
139,143,2
42,132,4
156,42,4
175,207,4
107,150,4
140,143,4
34,125,4
171,70,4
39,208,4
171,131,4
145,168,4
4,196,4
172,170,2
161,139,4
104,205,4
205,54,4
35,109,2
14,158,2
97,73,2
143,161,4
60,167,4
166,69,4
206,176,4
3,204,4
65,56,4
108,163,4
185,36,2
202,158,4
123,142,4
187,128,4
171,40,2
70,194,4
137,127,4
104,120,4
6,92,4
161,132,4
59,43,4
59,209,4
88,121,2
74,35,4
10,103,4
56,75,2
207,71,2
63,12,2
50,189,4
163,23,4
78,156,2
184,24,2
164,122,4
203,57,2
105,128,4
199,27,4
202,45,4
113,102,4
67,185,2
143,36,4
9,49,4
178,2,2
114,101,4
16,123,4
57,106,2
59,81,2
36,28,4
67,140,4
48,169,4
154,97,4
79,97,2
188,199,2
197,37,4
22,10,4
173,14,2
35,184,4
48,79,4
36,60,4
201,79,2
94,104,4
150,197,4
58,65,4
113,82,4
120,193,4
22,164,4
136,58,4
209,14,4
53,36,2
191,93,2
111,146,4
13,152,4
81,112,4
15,206,4
124,200,4
201,121,4
102,195,4
5,148,4
176,158,4
136,194,4
157,25,2
84,109,4
176,148,2
133,40,4
70,53,4
160,203,4
14,166,4
15,57,4
44,156,4
168,207,4
199,49,4
64,203,4
176,59,4
205,197,4
207,162,4
100,164,4
170,202,4
140,183,4
175,10,4
89,61,4
17,12,4
101,66,4
45,205,4
16,29,4
195,108,4
33,4,4
127,185,4
161,118,4
137,185,4
47,175,2
26,144,4
144,143,4
83,137,4
100,144,2
56,146,2
13,141,4
133,75,4
19,95,4
25,80,4
33,134,4
158,147,4
176,47,4
77,161,2
39,97,4
139,126,4
189,10,2
197,172,4
63,80,4
205,59,2
66,208,4
192,141,2
207,60,4
100,85,4
147,55,4
114,151,4
161,60,4
130,134,2
78,186,4
85,92,4
118,181,4
165,68,4
120,162,2
136,98,2
22,19,4
35,167,4
161,101,2
128,122,2
128,17,4
99,74,4
135,75,4
40,78,4
174,1,4
158,209,4
178,15,4
208,19,4
171,64,4
138,148,2
132,155,2
198,58,4
145,43,4
105,40,4
135,13,4
55,171,4
13,139,4
22,33,4
176,75,2
88,7,4
141,202,4
45,47,4
32,10,2
72,74,2
147,68,4
123,25,4
34,195,2
9,20,4
160,192,2
40,42,4
181,8,4
157,8,4
44,202,4
95,42,4
109,26,4
40,84,4
89,55,4
5,86,4
176,196,4
107,51,4
172,125,4
198,126,4
192,27,4
107,126,4
51,118,2
148,190,4
135,68,4
131,162,2
146,36,4
58,204,4
193,108,4
160,130,4
178,42,4
10,206,4
167,67,4
162,194,4
27,186,4
180,158,4
181,8,4
84,158,4
101,209,4
59,183,2
119,99,4
22,70,4
199,99,2
87,19,2
25,16,4
107,128,4
172,71,4
191,141,4
16,137,4
191,199,4
181,0,2
137,131,4
65,181,2
146,82,4
131,63,4
102,70,4
102,143,4
71,130,4
5,86,4
182,202,4
21,36,4
171,209,2
61,167,4
172,82,4
103,117,2
145,36,4
0,165,2
118,39,4
124,205,4
50,34,4
143,102,4
195,71,4
168,172,4
96,73,4
63,127,4
164,132,4
30,77,4
206,208,4
165,103,4
168,120,4
149,35,4
38,130,2
159,159,4
60,39,4
168,22,2
146,144,4
68,1,4
70,101,2
70,49,4
83,136,2
77,187,4
180,103,4
177,143,4
95,141,4
185,74,4
14,62,4
159,32,4
185,117,4
88,163,4
135,110,4
137,92,4
174,163,2
36,61,4
53,115,2
22,194,4
92,207,2
102,19,4
42,71,2
41,131,4
123,100,4
152,193,4
42,13,2
136,66,2
50,16,2
39,197,4
127,47,4
209,147,4
11,125,4
133,12,2
82,82,2
95,200,4
155,165,2
28,154,4
35,52,4
56,39,4
187,170,4
105,159,2
176,142,4
18,5,4
189,196,4
192,34,4
93,1,4
42,57,2
159,47,4
167,106,2
128,180,4
64,194,4
131,137,2
110,34,4
156,86,4
124,27,4
75,127,4
163,17,4
107,50,2
147,179,4
195,80,4
87,159,4
107,192,4
191,125,4
180,177,4
97,206,4
36,39,2
178,21,4
19,144,4
3,21,4
45,61,4
151,117,4
6,201,4
138,50,4
154,160,4
26,55,4
25,170,2
180,96,4
32,61,4
119,197,4
183,196,2
22,88,4
127,35,2
111,70,4
13,62,2
90,73,2
103,77,2
44,201,4
88,39,4
114,111,4
176,154,4
66,43,4
178,179,2
168,176,4
30,125,4
109,99,4
115,176,4
51,209,4
43,143,4
52,130,4
34,50,4
1,43,4
173,10,4
9,124,4
108,156,4
71,74,4
138,187,2
23,34,4
188,115,2
76,189,2
38,110,4
155,193,4
1,78,4
105,58,4
38,109,2
89,157,4
136,35,2
87,68,4
169,45,4
191,150,2
198,83,4
6,149,4
4,24,4
190,20,4
5,202,4
129,95,4
66,44,4
43,33,2
42,136,4
86,191,4
107,100,4
7,165,4
110,88,4
61,42,2
199,114,4
21,151,2
96,19,4
171,182,2
56,138,4
92,43,2
7,197,4
207,5,4
203,165,4
204,196,4
61,30,4
21,130,4
20,116,4
186,49,4
155,44,2
130,30,4
65,151,4
183,27,4
111,83,4
42,124,2
108,14,4
19,206,4
91,58,4
74,38,4
20,97,4
25,112,4
72,193,4
171,46,4
108,19,2
6,28,2
177,207,4
80,18,4
102,69,4
208,51,4
47,124,4
84,195,4
34,83,4
172,142,4
186,45,4
19,17,2
119,194,4
69,113,4
138,0,2
68,116,4
196,173,2
161,186,4
191,199,4
173,16,4
171,2,4
167,149,4
29,138,2
115,117,4
60,190,4
13,150,4
179,11,4
108,173,2
74,26,4
35,93,4
128,99,4
116,105,4
98,116,4
145,209,4
129,112,4
29,196,2
123,87,2
3,196,4
113,38,4
171,41,4
116,27,4
129,83,4
209,93,4
186,189,4
102,142,2
83,46,4
98,169,4
113,118,2
132,148,2
28,37,4
162,79,4
18,8,4
93,46,4
73,61,4
80,93,2
45,169,4
164,72,4
82,181,4
188,186,2
193,122,4
90,12,4
104,99,4
176,15,4
202,53,4
24,37,2
113,19,4
190,9,4
130,128,4
187,29,4
82,114,4
25,179,4
129,177,2
158,191,2
16,39,4
3,70,4
0,98,4
141,156,2
174,65,4
155,172,4
134,5,4
38,120,4
32,110,2
51,4,4
34,170,4
141,203,4
38,128,2
1,191,4
56,89,4
115,209,4
26,83,2
133,150,4
195,39,4
161,189,4
46,71,4
151,178,4
39,140,4
33,43,4
153,156,4
149,58,4
141,136,4
87,183,4
67,117,4
12,121,4
209,58,2
207,74,4
20,157,4
63,165,4
106,97,4
39,145,4
191,155,4
9,120,4
105,42,2
23,73,4
19,43,4
121,0,4
63,39,4
133,139,4
13,121,2
191,124,2
120,164,4
115,46,4
146,208,4
115,149,2
132,151,2
155,54,4
86,34,2
190,144,4
73,184,4
175,199,2
169,13,4
4,140,4
21,50,4
174,107,4
86,40,4
58,55,4
115,67,4
61,93,4
125,60,4
58,29,2
186,179,2
195,187,4
29,121,4
148,13,4
202,132,2
25,95,4
173,161,4
188,193,4
34,77,4
198,85,4
125,64,4
26,60,2
24,169,2
193,142,4
83,80,4
86,123,4
164,139,4
140,175,4
175,192,2
7,148,4
113,187,4
152,182,4
55,159,4
145,156,2
91,119,4
45,68,4
172,130,2
10,69,4
197,169,4
45,53,4
179,50,4
117,195,4
191,27,4
10,153,4
149,105,2
132,16,4
196,66,4
46,50,4
31,97,4
8,44,4
112,99,4
190,82,2
131,4,4
194,204,4
111,133,4
149,200,4
166,45,4
14,100,2
193,171,4
64,13,4
67,85,4
18,2,4
179,208,4
151,192,4
107,130,4
143,34,2
117,23,4
51,44,4
104,202,4
40,74,4
199,200,2
182,137,4
16,8,4
187,209,2
71,30,4
69,69,4
193,63,4
27,92,4
18,173,2
178,102,4
45,120,4
20,6,4
206,174,2
49,138,2
58,112,4
88,172,4
35,41,4
18,50,4
100,105,4
178,173,4
143,131,4
59,33,4
117,147,4
15,60,4
57,34,4
9,117,4
13,126,4
206,15,4
191,115,4
46,122,2
180,15,4
79,76,4
126,72,4
83,43,4
75,99,2
54,58,4
95,80,4
192,5,4
146,115,4
130,145,2
144,209,4
46,31,4
49,7,2
65,203,4
62,124,4
172,145,2
136,39,2
187,83,4
135,52,4
176,180,4
142,146,4
18,2,2
3,138,4
63,79,2
25,134,4
167,152,4
165,81,2
27,146,2
114,145,2
171,11,4
177,205,4
1,34,2
15,97,4
142,61,4
130,184,4
144,107,4
186,45,2
65,88,2
18,41,4
93,96,4
129,2,4
165,131,4
87,61,4
39,174,4
133,24,4
178,120,4
41,155,4
136,46,4
0,83,2
124,69,4
82,80,4
98,76,4
20,56,4
135,165,4
194,181,2
42,170,4
195,202,4
79,192,4
140,85,2
193,66,4
32,72,4
131,136,4
179,161,4
32,173,2
60,36,4
13,83,4
118,209,4
169,189,2
151,33,4
89,55,4
36,142,4
203,149,4
113,91,2
174,2,2
187,78,4
43,26,4
180,181,4
87,72,2
151,14,4
173,116,4
189,121,4
146,186,4
13,171,4
52,33,4
113,4,2
5,7,4
158,77,4
81,92,4
44,153,4
64,160,4
9,152,4
122,50,4
30,12,4
185,42,4
22,59,4
178,83,2
108,56,4
82,139,2
39,179,2
120,194,4
20,107,4
67,41,4
146,85,4
48,0,4
186,196,4
71,134,4
29,17,2
139,146,4
155,31,4
38,98,4
122,152,4
98,182,4
47,67,4
92,36,2
37,21,4
103,152,4
129,102,4
166,27,4
60,93,4
96,101,4
157,7,4
87,27,4
167,130,4
83,191,4
64,73,4
171,113,4
153,182,2
9,4,2
35,154,2
185,184,4
17,183,4
56,76,4
79,156,2
144,103,4
63,155,4
142,86,4
149,203,2
31,174,4
0,83,4
208,124,2
53,110,4
129,111,4
85,45,2
137,104,4
137,17,2
97,190,4
118,50,4
77,118,4
0,102,4
115,72,4
130,136,4
122,98,4
100,148,4
93,186,4
209,94,2
46,8,4
21,171,4
11,92,2
172,23,4
79,122,2
28,181,4
118,24,4
45,24,2
29,168,2
122,144,4
44,183,2
25,2,2
39,132,4
132,178,4
182,133,4
205,9,4
163,4,4
28,42,4
56,73,2
25,17,2
10,136,2
125,142,4
60,169,4
190,72,4
184,112,4
155,24,4
162,88,4
27,51,4
26,120,4
105,103,2
176,7,4
34,62,4
126,176,4
136,42,4
7,74,4
121,6,4
0,76,4
89,70,4
99,84,4
154,154,4
207,33,4
50,15,2
120,47,4
9,50,4
50,83,4
97,139,4
181,117,2
23,83,2
38,139,4
173,174,4
185,202,2
187,0,4
167,68,4
208,54,4
122,22,4
168,201,4
183,98,4
178,131,2
206,179,2
94,128,4
36,55,2
4,101,4
61,33,4
173,114,4
89,201,2
64,62,4
111,98,4
96,52,4
108,150,2
81,16,4
47,60,4
165,47,4
63,70,4
22,144,4
32,85,4
43,19,4
7,162,4
130,162,4
9,27,4
135,39,4
15,148,4
90,141,2
193,73,4
154,143,4
150,149,2
95,33,4
176,160,4
168,152,4
204,198,4
41,52,4
91,189,4
134,63,4
193,194,4
27,186,4
156,71,4
133,62,2
7,111,4
92,130,4
114,55,4
193,25,4
94,48,4
40,160,4
55,112,4
115,96,2
26,87,2
123,22,2
75,200,4
109,0,4
4,206,2
96,174,4
202,194,4
71,139,4
118,191,4
139,61,2
151,179,2
61,45,4
154,68,4
198,168,4
136,6,4
107,77,4
200,167,4
138,73,4
111,10,4
9,141,4
13,180,2
178,158,2
92,184,4
74,206,4
149,172,4
200,68,4
41,163,4
158,102,4
154,197,4
51,35,2
144,124,4
163,22,4
148,28,4
128,128,4
194,114,4
27,180,4
147,37,4
189,111,4
193,166,2
148,97,2
208,63,4
173,119,4
190,205,2
71,202,4
44,109,4
6,143,2
150,101,4
48,16,2
112,65,2
22,80,4
38,197,2
206,74,4
17,137,2
78,189,2
45,183,4
28,205,2
129,115,4
15,33,2
109,165,4
192,109,4
112,185,4
61,193,4
77,54,2
105,54,2
136,41,2
133,110,4
119,202,4
2,9,4
59,81,4
167,33,2
141,160,4
183,124,4
136,187,2
50,29,4
16,24,4
208,78,2
205,80,2
67,112,4
148,205,4
136,193,4
142,177,2
133,122,4
136,106,4
71,104,4
53,124,4
102,52,4
173,85,4
53,56,4
187,134,4
63,177,4
15,172,2
125,169,4
91,98,4
185,60,4
40,175,4
154,167,4
6,206,4
105,45,4
100,20,4
189,164,4
71,186,2
147,149,4
67,115,4
7,138,2
35,81,4
38,178,2
201,205,4
192,99,4
126,68,4
139,99,4
42,51,4
72,70,4
140,96,4
103,150,4
4,74,4
137,181,4
188,21,4
136,69,4
58,159,4
12,43,4
20,85,4
205,164,2
11,84,4
101,2,4
170,15,2
32,66,4
12,7,2
149,6,4
160,69,4
189,88,2
76,81,4
41,63,2
116,205,4
54,176,4
54,3,4
172,24,4
68,77,2
129,185,2
198,48,4
60,158,2
85,62,4
109,173,4
205,144,4
40,16,2
162,90,4
19,140,4
156,190,4
170,174,2
3,46,4
125,179,4
182,63,4
126,19,4
193,5,4
76,202,4
55,66,4
12,44,2
50,57,4
34,187,4
136,152,4
117,119,4
174,61,4
81,73,4
114,21,4
44,203,4
101,74,4
91,202,4
50,17,4
180,91,4
152,62,4
0,79,4
157,134,4
186,85,4
141,5,2
202,79,4
41,34,4
118,50,4
154,172,4
51,99,4
198,174,4
92,205,2
27,194,4
150,209,4
148,76,4
72,34,4
179,68,4
44,88,4
32,167,4
109,95,4
104,62,4
129,119,4
143,115,4
123,85,4
201,2,4
145,162,4
167,99,2
47,192,4
160,65,4
21,19,2
194,191,4
21,110,4
148,35,2
36,130,2
156,153,2
144,147,4
195,204,2
101,85,4
5,95,4
90,59,4
125,24,4
176,143,4
90,201,4
61,10,4
96,68,4
8,162,4
134,171,4
103,149,4
12,5,4
74,153,4
152,37,4
204,209,2
38,60,4
74,8,2
56,197,4
82,33,4
51,6,4
157,173,2
69,76,4
73,194,4
170,132,4
90,43,4
93,148,2
177,32,4
54,29,4
83,113,4
191,148,4
161,87,4
102,106,2
11,152,4
75,160,4
3,203,4
20,91,4
71,94,4
76,68,2
187,145,4
60,38,4
57,21,4
48,133,4
28,179,4
110,95,4
206,115,2
193,84,2
53,89,2
98,103,4
21,153,4
163,194,2
89,112,4
118,52,4
131,146,4
141,9,4
174,52,2
76,146,2
208,84,4
203,146,4
8,11,4
23,97,4
133,94,2
123,19,4
180,1,2
34,52,4
84,100,2
14,148,4
202,173,2
119,82,4
108,120,4
41,151,4
128,184,4
183,185,2
167,181,2
48,169,4
198,105,2
82,14,2
141,126,2
184,116,4
63,106,4
207,191,4
205,18,4
106,142,4
16,35,4
192,65,4
14,80,4
186,192,4
195,113,4
135,179,4
62,185,2
157,51,4
70,149,2
122,199,2
20,131,4
110,155,4
37,57,4
147,47,4
67,177,4
142,126,2
120,161,4
98,58,4
111,199,4
102,168,4
91,63,4
121,29,4
54,139,2
94,40,4
205,75,4
191,126,4
96,172,2
33,200,4
64,178,4
127,201,2
109,170,4
198,85,4
8,165,4
73,154,2
151,54,4
178,122,4
25,127,2
92,200,4
130,30,4
154,34,4
133,98,4
198,175,4
127,168,4
189,151,4
204,15,2
85,93,2
139,176,4
95,87,2
203,190,2
84,201,4
109,106,4
98,14,4
118,18,2
6,110,4
166,124,2
191,87,2
125,105,4
135,147,2
199,116,4
182,47,4
173,60,2
147,157,2
63,9,2
174,202,4
184,46,4
84,154,2
101,115,4
191,71,2
68,46,4
185,134,4
19,120,4
168,102,4
185,42,4
156,92,4
95,163,2
34,183,4
180,31,2
55,31,4
114,157,2
46,59,4
24,37,4
123,72,4
40,131,4
44,104,2
39,107,4
188,23,4
143,42,4
2,88,4
206,73,4
107,173,4
144,171,4
163,165,2
97,126,4
6,78,4
192,57,4
191,81,4
105,67,4
97,157,4
15,19,4
137,82,4
24,138,4
155,193,4
158,178,4
164,107,4
64,89,4
119,184,2
43,163,2
118,71,2
70,125,4
29,37,2
102,0,4
115,134,4
108,136,4
91,25,4
17,77,4
141,135,4
184,109,4
159,102,4
7,47,4
193,194,4
132,192,4
97,176,4
114,22,4
106,153,4
154,0,4
28,74,2
28,120,4
38,200,2
20,85,4
204,27,4
179,200,4
153,110,4
67,69,4
25,3,2
78,135,4
190,181,4
66,9,4
140,179,4
115,79,4
209,11,2
99,93,4
136,94,4
143,45,4
182,12,4
208,25,2
32,102,4
104,92,4
17,208,4
186,114,2
81,6,2
152,169,2
22,26,4
110,26,4
36,197,4
58,51,4
195,22,4
82,14,4
132,104,4
201,108,4
134,111,4
14,208,4
81,8,2
97,165,4
163,193,4
167,94,2
89,206,4
124,81,4
49,69,4
197,144,4
8,10,2
162,198,4
96,81,4
128,115,4
14,4,4
132,98,4
85,61,4
24,92,4
192,151,4
173,25,4
205,63,4
106,178,2
138,58,2
77,34,4
77,5,4
65,91,4
115,60,2
103,71,4
110,183,4
63,12,4
39,47,4
21,87,4
8,110,4
62,73,4
185,147,2
145,72,4
173,118,4
22,22,4
47,83,4
97,84,4
19,172,2
41,0,2
190,50,4
58,120,2
104,15,2
195,71,4
128,201,2
197,173,4
160,97,4
7,53,2
206,129,2
138,175,4
33,8,4
35,93,2
190,85,2
128,50,4
194,88,4
93,49,4
111,209,4
34,74,4
3,189,4
162,107,4
178,125,2
69,150,4
61,110,2
97,79,4
40,35,4
78,52,4
62,160,2
105,111,4
119,182,4
10,75,4
97,75,4
142,189,2
192,157,4
38,20,4
156,133,4
148,60,4
128,53,4
202,5,4
137,39,4
58,4,4
123,139,2
168,106,4
187,135,2
112,177,4
156,167,4
23,145,4
26,0,4
39,107,2
125,197,4
50,115,4
81,28,4
48,71,4
38,41,4
26,70,2
83,88,2
179,141,4
123,64,4
54,124,4
133,13,4
168,102,2
109,190,4
79,71,4
115,169,4
27,115,4
28,45,4
62,120,4
170,85,2
107,156,2
34,205,4
11,174,4
209,169,4
58,41,4
208,163,4
171,128,4
90,28,4
76,146,4
14,50,4
70,208,4
179,37,2
16,200,4
155,62,4
205,48,2
51,125,4
60,86,2
20,62,4
60,108,2
140,124,2
55,64,4
84,72,4
158,164,4
207,47,4
158,117,4
163,60,4
139,78,2
169,166,2
199,124,4
137,140,2
49,129,4
111,200,4
1,10,2
97,86,4
116,126,4
81,40,4
74,52,4
0,148,4
184,202,4
98,68,4
191,42,4
109,39,4
120,21,2
9,77,4
38,58,2
27,123,4
80,89,2
40,147,4
95,150,4
53,97,2
123,22,4
39,78,4
201,71,4
143,149,4
49,93,2
151,141,2
4,123,4
169,167,4
66,94,4
16,156,2
99,200,4
9,133,4
17,50,4
37,186,4
199,39,4
117,158,4
140,101,2
0,39,4
60,179,2
139,180,4
187,46,2
87,92,2
14,3,4
46,178,4
29,19,4
161,13,4
38,68,4
62,29,4
50,156,4
74,44,2
123,193,4
3,106,4
148,129,2
55,94,4
184,23,4
135,75,4
119,164,4
16,39,4
107,48,4
19,123,4
117,205,4
33,124,4
9,208,4
9,104,2
102,45,4
40,27,4
53,120,4
29,89,4
169,82,4
118,54,4
167,63,2
39,191,2
32,203,2
96,97,4
148,62,2
202,30,4
202,42,4
190,205,4
131,170,4
89,73,2
51,171,4
129,202,4
140,149,4
69,121,4
60,175,4
127,129,4
44,142,4
23,17,2
61,67,4
82,129,4
17,11,4
45,34,4
197,102,4
19,167,4
114,172,4
131,63,4
134,58,4
206,8,2
97,201,2
141,205,4
12,108,4
23,6,4
157,88,4
3,62,4
176,29,4
138,198,4
46,13,4
192,69,2
193,60,4
22,178,4
136,37,2
111,179,4
205,127,4
160,209,4
153,125,2
183,89,4
160,178,4
32,106,4
189,107,4
118,45,4
97,136,4
82,209,4
12,177,4
130,150,4
145,185,4
23,125,4
130,92,4
191,201,4
129,118,4
26,125,4
128,17,4
196,82,2
105,20,2
3,100,4
93,60,4
128,108,4
203,170,4
37,10,2
44,156,4
99,204,2
94,69,4
85,104,4
69,8,4
41,131,4
19,168,2
157,72,4
90,110,4
164,65,2
141,77,4
95,56,4
26,95,4
175,161,4
78,51,2
62,62,4
173,128,2
105,33,4
114,38,4
175,183,4
122,153,4
151,87,4
205,121,4
121,114,4
165,139,2
23,22,4
159,21,2
23,35,2
197,206,4
31,95,4
171,91,4
9,60,2
132,3,4
30,53,4
205,134,4
131,105,4
117,160,4
163,47,4
1,89,2
156,108,4
124,126,4
194,198,4
208,131,4
52,5,4
88,63,4
31,209,2
114,106,4
157,104,4
1,44,4
5,34,4
101,130,2
96,195,2
67,130,4
64,126,4
82,175,4
54,126,2
98,145,4
25,182,2
78,148,4
64,202,4
68,89,4
123,202,4
20,138,4
107,31,4
39,153,4
106,130,2
101,75,4
186,68,4
185,9,2
27,116,4
98,14,4
0,0,4
6,118,4
11,185,4
61,10,4
199,59,4
154,186,4
150,63,4
5,60,4
115,23,4
57,96,4
109,162,2
35,115,4
111,130,4
65,129,2
176,8,2
108,175,4
174,79,4
32,62,4
161,124,4
10,7,2
60,114,4
111,80,4
36,104,4
149,146,2
17,123,4
6,50,2
54,98,4
138,77,2
118,138,2
71,0,4
187,81,2
173,137,4
146,141,4
202,30,2
64,160,2
171,14,4
46,2,2
164,76,4
195,58,2
22,9,4
60,4,4
98,17,4
25,194,4
151,172,4
72,132,4
200,134,4
99,129,4
73,92,4
174,199,4
79,156,4
144,129,4
142,48,2
114,30,2
28,209,4
53,104,4
148,148,2
140,175,4
48,90,4
56,66,4
10,181,4
14,145,4
98,143,2
186,107,2
206,73,4
160,209,4
152,173,4
38,119,4
81,64,2
17,50,4
144,190,4
139,78,2
172,2,2
144,164,2
117,121,2
14,34,4
111,157,4
40,119,4
192,163,4
149,161,4
181,70,4
182,68,4
130,14,2
193,20,4
71,32,4
93,134,4
209,51,4
168,40,4
72,40,4
166,48,4
57,177,4
8,54,2
179,181,4
118,15,4
4,64,4
109,177,4
8,45,4
76,154,4
149,152,4
78,33,4
184,38,4
61,23,4
95,70,4
142,140,4
87,154,4
190,46,2
38,121,4
135,33,4
23,175,4
113,44,4
104,113,4
197,7,4
120,52,4
101,168,4
95,86,4
204,120,2
168,84,4
112,89,4
90,136,4
11,151,4
115,58,2
129,81,4
0,154,4
187,129,4
94,16,4
86,126,4
110,189,4
123,181,4
87,14,4
13,35,4
149,194,2
28,68,4
77,31,4
37,156,4
91,79,2
170,1,4
73,82,4
198,117,4
125,171,4
24,180,4
70,147,2
18,54,4
4,43,4
115,106,2
112,20,4
152,19,4
87,166,2
186,105,4
103,27,4
19,95,4
110,193,4
46,160,4
131,110,4
21,86,4
54,188,4
8,151,4
150,193,4
161,149,4
62,59,4
186,7,4
122,40,2
207,107,2
112,156,4
203,130,4
75,61,4
182,13,4
91,128,4
156,88,4
163,159,2
17,122,4
202,118,4
164,150,4
20,136,2
179,113,4
181,113,4
110,190,2
6,28,4
201,149,4
112,114,4
113,117,2
159,74,4
40,173,4
172,177,2
196,36,4
114,176,4
141,112,2
19,9,4
142,116,4
178,104,4
16,131,4
3,55,2
170,25,4
125,191,4
162,14,4
67,113,2
24,101,4
110,27,4
109,203,4
114,75,4
133,190,4
140,88,4
203,94,4
76,23,2
188,34,2
39,130,4
157,25,4
174,101,4
32,161,4
151,61,4
207,35,2
70,125,2
160,28,2
60,32,4
39,133,4
175,65,4
121,207,4
54,46,4
157,18,4
96,115,4
73,179,4
72,62,4
122,175,4
54,21,2
81,123,4
196,98,4
162,57,2
143,209,2
80,108,4
75,140,4
30,171,2
183,75,4
90,198,4
130,203,4
34,105,2
153,171,4
190,14,2
146,7,4
83,93,2
134,165,2
163,121,4
86,153,4
101,48,4
52,36,2
173,205,4
196,147,4
48,193,4
73,209,2
203,167,4
107,181,2
147,134,4
78,179,2
84,87,4
137,36,4
153,45,4
2,49,4
21,83,2
72,12,4
181,159,4
4,145,2
145,144,4
15,178,4
200,123,4
183,7,2
137,42,2
5,14,2
152,175,2
201,2,4
141,70,4
53,135,4
205,87,4
183,204,4
146,190,2
99,0,2
182,101,4
197,25,4
57,179,2
19,158,4
195,9,4
44,80,4
100,80,2
83,36,4
27,151,2
32,34,4
162,68,4
190,185,4
73,146,4
139,79,4
130,198,4
8,123,4
186,153,4
160,91,4
36,66,2
56,59,4
60,171,4
139,1,2
208,21,4
35,11,2
38,152,4
157,35,4
192,167,2
35,104,2
149,78,2
202,152,4
36,127,4
189,6,4
118,71,2
184,19,4
204,11,4
138,197,2
180,111,4
79,165,4
55,50,4
24,50,4
113,202,4
92,52,4
57,26,4
18,189,4
204,183,2
128,43,4
4,35,4
16,131,4
168,175,4
137,73,4
121,50,2
124,72,4
141,68,4
200,6,2
127,66,2
20,154,4
155,103,2
46,87,4
23,120,4
169,131,2
191,64,4
205,203,4
179,87,4
127,169,4
18,121,4
152,56,4
45,39,4
47,68,2
143,164,2
49,143,4
157,194,4
177,92,4
69,127,4
101,172,4
90,32,4
4,16,4
39,113,4
76,201,4
170,156,4
142,21,4
170,2,4
78,88,4
39,54,4
187,160,4
182,28,2
205,14,4
144,19,4
181,138,4
190,120,4
0,90,2
37,92,2
188,70,4
209,177,4
189,71,4
96,166,4
4,2,4
104,139,4
155,67,4
74,5,4
58,59,2
191,183,2
87,39,2
95,144,4
107,206,2
162,29,2
80,169,4
19,1,4
129,57,4
125,206,4
135,90,4
97,154,4
201,100,4
22,48,4
71,22,2
34,77,4
179,201,4
151,106,2
54,70,2
155,66,4
43,108,4
145,115,2
108,26,4
180,12,2
46,132,4
124,0,4
78,122,4
102,22,4
175,65,4
204,20,4
24,75,4
116,174,4
35,53,4
88,208,4
63,68,2
51,32,2
118,57,4
127,61,4
171,98,4
110,116,4
9,124,4
146,118,4
132,100,4
153,92,4
84,34,4
152,132,4
49,85,4
209,72,2
49,90,4
142,140,4
50,175,2
93,6,4
12,93,4
76,138,4
157,170,2
104,60,4
104,46,4
176,115,4
87,67,2
63,70,2
140,65,2
140,171,2
73,86,2
12,38,2
187,149,4
153,40,4
60,0,4
112,54,4
116,44,4
133,202,4
154,168,4
155,76,2
182,3,4
22,46,4
52,28,4
76,209,2
131,33,4
26,71,4
14,142,4
11,1,4
30,155,2
9,90,4
144,160,4
43,208,2
130,175,2
87,190,4
14,155,4
104,161,2
128,179,4
73,102,4
116,103,4
166,162,4
83,151,4
81,191,4
208,160,4
116,45,4
143,140,4
186,6,4
159,66,4
110,39,4
37,76,4
101,186,4
100,43,2
102,126,4
22,0,2
7,201,4
13,57,4
127,160,4
165,30,4
191,104,2
158,99,2
117,126,4
18,14,4
96,46,4
204,200,4
88,190,2
186,191,4
180,166,2
16,69,4
16,135,2
198,7,4
1,71,4
54,138,4
27,18,4
113,188,2
82,100,4
110,14,4
146,123,4
135,24,2
106,204,4
178,3,4
97,201,4
35,33,4
147,189,4
52,56,4
199,55,2
106,145,4
56,126,4
41,196,4
73,190,4
113,86,4
3,125,4
94,168,2
102,110,4
26,194,4
76,56,4
125,125,4
72,64,4
113,64,4
122,51,4
100,199,4
81,11,2
146,70,4
8,19,4
203,207,4
57,33,2
193,87,4
132,84,2
35,157,4
87,208,2
125,88,4
137,24,4
43,140,4
23,163,4
53,150,4
69,19,2
182,182,4
174,104,4
14,88,4
75,120,4
21,13,2
88,19,2
39,103,2
33,190,4
201,113,4
163,137,4
33,19,4
55,52,2
117,121,2
158,51,2
103,165,4
149,112,4
57,16,4
96,19,4
79,66,4
18,74,2
67,177,4
104,209,2
83,120,2
25,131,2
185,179,2
186,206,4
110,125,4
78,69,2
134,99,4
133,87,4
130,188,4
170,96,4
42,70,4
184,17,2
53,40,2
129,92,4
44,180,4
107,136,4
64,187,4
39,196,4
146,35,2
165,100,4
107,131,4
162,8,2
77,126,4
59,49,4
197,37,4
207,36,4
54,65,4
74,155,4
172,74,4
175,70,4
153,3,4
34,165,4
141,138,4
49,25,4
133,78,4
95,88,4
35,171,4
141,100,4
137,151,4
107,140,4
189,98,2
67,193,4
112,40,4
206,160,4
162,205,4
197,73,4
150,91,4
71,173,4
32,200,4
207,20,4
34,56,2
105,104,4
23,32,4
141,119,2
32,84,4
126,30,4
130,206,4
12,156,4
74,36,4
128,17,4
170,133,4
89,182,4
156,91,4
86,4,4
178,78,4
124,97,4
98,146,4
145,38,4
104,86,4
198,68,4
198,185,4
101,111,2
5,106,4
195,13,4
175,1,4
87,56,4
196,2,4
204,199,4
80,174,4
35,111,4
14,6,4
118,49,4
147,69,4
88,105,4
40,88,4
101,31,4
113,98,2
152,65,4
169,160,4
20,158,4
128,121,2
150,110,4
48,195,4
105,203,4
21,167,4
61,109,2
69,203,4
1,53,4
128,204,2
133,45,4
4,194,2
169,88,2
55,144,4
117,178,4
78,207,4
200,120,4
170,78,4
163,90,2
145,55,4
162,145,4
26,190,2
145,29,4
25,140,2
191,22,4
170,207,4
93,207,4
52,202,4
130,166,4
26,188,4
27,133,4
109,60,2
69,130,4
142,107,2
77,95,4
9,92,4
163,108,4
201,189,4
147,164,2
173,120,4
72,137,4
36,177,2
82,100,4
65,6,2
120,46,2
35,111,4
108,32,4
1,7,4
177,123,4
207,114,4
45,193,4
104,11,4
53,27,4
141,183,4
125,48,2
174,50,4
114,141,4
196,135,4
55,188,4
130,49,4
62,145,4
93,88,2
6,71,4
38,105,4
146,202,4
69,82,2
135,187,4
158,159,2
191,107,2
138,207,4
14,108,2
75,120,4
7,9,4
62,192,4
121,52,2
92,65,4
13,55,4
42,38,4
87,141,4
21,167,4
66,41,2
71,83,4
184,172,2
182,23,4
129,149,4
142,144,4
21,36,2
190,138,4
101,184,2
51,18,4
8,19,4
132,152,2
125,139,2
57,61,4
121,47,2
9,123,4
130,119,2
141,101,2
186,190,4
23,98,2
82,50,4
50,5,4
168,132,4
38,113,4
74,63,4
88,42,4
97,73,4
68,195,4
151,146,4
183,35,4
47,51,2
148,141,4
203,0,4
53,203,4
127,189,4
206,8,4
41,34,4
51,152,4
65,172,4
34,31,2
118,150,2
138,31,4
44,11,4
85,150,4
134,70,2
9,18,4
35,36,4
133,51,4
103,66,2
192,116,4
123,147,4
170,180,4
172,17,4
142,2,2
164,141,4
173,129,4
48,107,2
31,111,4
97,179,4
101,117,4
69,70,4
127,144,2
83,73,4
12,76,4
169,166,2
50,161,4
25,35,4
44,184,2
189,182,2
86,94,4
204,84,4
80,180,2
178,78,2
126,16,2
88,60,4
32,71,4
19,141,4
155,68,4
8,6,4
159,138,4
52,110,4
69,24,2
120,19,2
138,82,2
91,166,4
32,180,4
30,128,4
188,205,4
135,142,2
193,23,4
45,123,4
64,41,4
35,16,4
66,103,4
155,149,4
19,72,4
106,72,4
151,69,4
111,175,4
94,187,4
11,127,2
145,173,4
162,142,2
103,121,4
30,192,4
63,150,2
153,121,4
164,26,2
57,44,4
208,29,4
125,106,4
122,51,4
108,124,2
128,36,4
208,162,4
175,205,4
76,139,4
131,124,4
69,184,4
130,13,4
95,172,4
85,75,4
179,47,4
84,5,4
178,29,2
137,17,4
145,49,2
187,208,4
135,151,4
137,109,4
163,30,4
10,6,4
11,64,4
200,76,2
168,48,4
152,185,2
19,59,4
13,133,2
163,53,4
89,157,4
108,21,4
55,0,2
160,15,2
9,48,4
141,29,2
168,19,4
180,45,4
80,112,2
184,10,4
200,33,4
187,2,4
63,4,2
98,184,4
76,100,2
77,86,4
56,165,4
69,180,2
180,188,2
1,50,4
52,122,4
194,163,4
22,27,4
52,181,2
3,160,2
18,91,4
95,198,4
11,203,4
53,32,4
119,64,2
178,90,2
47,98,4
195,145,4
168,115,4
6,0,4
45,190,4
130,64,4
107,46,4
81,179,4
34,166,4
111,156,4
91,183,4
26,148,4
155,122,4
201,183,2
77,178,4
24,89,4
125,0,2
18,54,4
11,88,2
104,83,4
42,6,4
81,124,4
188,72,4
193,35,4
196,10,4
209,152,2
57,22,4
199,43,4
69,156,4
30,103,4
4,23,4
117,75,4
136,0,4
187,79,4
82,143,4
137,152,4
47,21,2
94,79,4
167,131,4
88,59,4
190,41,2
209,71,2
100,5,2
180,32,4
8,103,4
181,87,4
27,12,2
178,123,4
20,81,2
24,43,4
42,138,4
59,124,2
141,124,2
169,14,2
170,135,4
188,26,2
156,129,2
53,62,2
75,179,4
148,152,4
190,92,4
60,119,4
159,137,4
85,52,4
37,24,4
190,145,2
66,93,4
132,204,4
60,84,4
89,207,2
53,163,4
174,77,4
2,190,4
164,28,4
27,141,4
140,149,4
10,75,2
90,53,4
15,114,4
131,51,4
192,125,2
31,202,4
68,87,2
206,118,2
65,189,4
14,123,4
129,0,2
86,105,4
189,141,4
44,188,4
137,169,4
13,31,4
201,187,4
124,96,4
144,165,4
20,54,2
48,103,4
169,59,2
204,196,2
74,58,2
164,196,2
106,208,4
122,65,4
107,119,4
85,146,2
147,172,4
79,157,2
133,168,2
135,177,4
68,108,4
191,8,4
119,86,4
172,176,4
34,120,4
20,21,4
135,119,2
168,112,2
21,88,2
143,156,4
81,160,4
25,34,4
41,60,4
169,52,4
9,83,4
204,184,2
17,171,2
76,72,4
16,196,4
24,191,2
131,115,4
209,65,4
179,20,4
143,99,2
131,32,4
43,19,4
143,176,4
17,168,4
182,85,4
39,45,2
179,10,4
52,115,4
164,101,4
139,110,2
193,2,4
24,184,2
125,155,2
41,115,4
135,106,4
131,30,2
166,119,4
90,23,2
113,199,4
199,47,4
202,128,2
154,164,4
4,98,4
123,173,2
43,30,4
149,191,4
144,202,4
91,173,4
168,68,4
57,82,4
65,16,4
137,118,2
16,27,4
32,53,4
88,78,4
166,114,2
77,147,4
155,11,4
168,73,4
204,121,4
84,144,2
137,20,4
168,191,4
157,9,4
5,129,4
135,130,4
119,125,4
22,151,2
8,96,2
79,81,4
59,120,2
4,63,4
0,16,4
125,184,2
104,121,4
6,186,4
196,33,4
138,15,4
85,45,2
154,85,4
124,82,4
114,92,4
30,94,4
62,62,4
192,58,4
31,12,4
26,197,4
53,23,2
69,49,4
164,155,4
37,52,4
106,49,4
102,149,4
135,78,4
37,68,4
112,131,4
177,77,4
108,169,4
177,73,4
208,165,4
185,0,4
184,188,4
44,13,4
132,36,2
138,158,4
42,71,4
101,26,4
185,135,4
163,69,4
158,39,4
102,22,4
79,80,4
58,197,2
165,203,4
5,101,2
166,134,4
203,157,4
176,180,4
99,130,2
92,111,4
62,104,4
51,107,4
69,55,2
164,66,4
146,169,4
43,139,2
139,170,2
94,107,4
50,46,2
31,166,2
34,175,4
150,87,4
16,138,4
146,188,4
157,6,4
132,73,4
167,172,2
174,23,4
44,94,4
132,19,2
167,81,4
42,85,4
22,48,4
1,1,4
7,3,4
15,3,4
147,70,4
73,190,4
62,33,4
172,11,4
148,78,4
149,83,4
203,187,4
1,58,4
12,125,4
44,125,4
28,110,2
208,39,4
162,35,4
55,50,4
177,50,4
85,196,4
154,38,2
103,164,4
182,47,4
121,89,4
46,46,4
75,77,2
205,60,4
141,41,4
127,169,2
35,22,4
163,11,4
146,54,4
14,161,4
209,80,4
142,117,2
88,11,4
61,161,2
178,169,4
11,126,4
183,88,4
139,108,4
26,106,2
98,74,4
139,180,4
145,173,4
126,162,4
33,81,4
64,174,2
71,63,2
61,172,4
81,94,4
24,14,4
152,64,4
59,47,4
109,77,4
26,132,4
82,176,4
24,72,4
201,19,4
62,192,2
160,144,2
142,104,4
62,12,4
172,200,4
23,42,4
16,23,4
108,35,4
174,159,4
133,112,4
135,150,2
170,117,4
109,130,4
142,47,4
137,11,4
62,121,2
175,150,2
3,78,4
156,71,4
205,183,4
125,48,4
135,161,4
66,50,4
123,28,4
75,4,4
11,132,2
100,163,4
95,21,4
33,60,4
114,98,2
83,36,4
186,40,4
190,115,2
62,167,4
53,59,4
107,142,4
29,93,4
66,21,2
22,179,4
158,209,4
34,133,4
0,32,4
162,202,4
40,151,2
49,102,4
156,202,4
66,19,4
147,42,4
111,57,4
82,52,4
47,201,2
202,186,4
92,149,4
146,186,4
84,137,4
191,132,4
170,133,4
164,98,4
161,104,2
30,194,4
148,98,2
20,177,2
4,203,4
90,64,4
205,25,4
84,39,2
21,68,4
108,56,4
43,47,2
100,121,4
162,176,4
10,74,2
55,1,4
128,146,2
45,122,4
74,24,2
40,49,2
78,35,4
71,6,4
167,105,4
19,86,4
113,142,2
162,118,4
160,78,2
41,90,4
27,141,4
29,123,2
31,134,4
84,120,2
98,23,4
153,53,4
192,155,4
67,172,4
117,202,4
178,65,4
197,129,4
168,164,4
83,164,4
128,13,4
72,58,2
10,56,4
165,153,4
164,50,4
198,24,4
66,118,2
146,51,2
157,163,4
102,65,4
117,128,4
182,9,4
186,107,4
179,47,2
199,96,4
146,72,4
101,203,4
7,27,4
22,151,4
46,159,2
160,6,4
2,32,2
106,134,4
27,168,4
28,128,2
26,26,4
155,22,2
30,74,4
80,61,4
187,165,4
27,85,4
88,120,4
56,112,2
130,54,2
201,104,4
169,0,4
94,165,2
158,25,4
153,202,4
19,87,4
124,112,4
27,92,4
167,157,2
85,186,4
21,79,2
81,70,4
146,26,2
72,29,4
203,136,2
47,148,4
191,117,4
51,183,4
190,60,4
69,138,4
110,91,4
135,82,4
56,10,4
15,191,4
82,96,4
115,124,2
32,78,4
185,135,4
46,128,4
174,83,4
70,115,2
18,31,4
14,150,4
27,19,4
177,80,4
206,7,4
85,9,4
188,179,2
184,75,4
209,157,4
117,162,4
7,18,4
84,145,4
204,194,4
7,145,4
19,155,4
191,53,4
79,204,2
126,35,4
156,59,4
65,59,4
143,207,4
121,98,4
26,61,4
177,178,4
164,163,4
160,176,4
107,70,2
66,151,4
113,52,2
146,161,4
112,59,4
44,135,4
103,54,4
185,67,4
94,67,4
127,161,4
76,129,4
124,77,4
139,95,4
44,152,2
51,102,4
74,181,4
57,124,4
192,75,4
143,11,2
46,32,4
17,10,4
145,121,4
164,128,4
103,85,4
173,79,4
40,81,4
4,57,4
43,68,4
161,61,4
106,72,4
135,64,4
24,116,4
116,63,4
61,43,4
186,52,4
7,174,4
40,128,4
35,145,4
183,30,4
160,92,4
184,79,4
107,17,4
68,94,4
176,3,2
62,157,4
49,177,4
44,30,4
29,198,4
82,136,4
90,145,4
92,63,4
133,101,4
181,195,4
60,52,2
146,78,4
100,120,2
35,146,2
100,165,4
206,103,2
41,92,4
45,198,4
67,61,4
121,80,4
84,149,2
81,149,4
5,173,4
208,61,4
48,129,4
150,113,4
172,16,2
6,9,4
4,82,4
24,33,4
43,74,4
102,142,2
25,65,4
70,124,4
69,188,4
35,116,4
24,84,4
195,89,4
83,64,4
114,43,4
1,91,4
74,87,4
150,73,2
201,38,2
93,204,4
112,65,2
93,92,4
204,83,4
48,175,4
53,60,4
87,61,2
164,135,4
189,21,4
112,81,4
84,136,4
129,157,4
129,34,4
143,59,4
108,0,4
1,176,4
142,98,4
146,159,4
149,30,4
16,75,2
67,174,4
4,145,4
31,89,4
135,30,2
32,11,4
193,12,2
102,92,4
50,156,2
90,80,4
93,21,4
136,168,4
138,42,2
96,135,4
89,132,4
62,83,4
189,52,4
155,12,4
13,91,4
64,30,4
63,8,4
162,91,4
88,90,2
127,39,4
194,161,4
11,202,4
31,201,4
142,10,4
95,32,4
30,104,4
163,161,2
195,106,2
159,134,4
11,82,4
35,139,4
79,183,2
159,197,4
200,84,4
80,29,4
13,183,4
162,25,2
92,85,2
144,40,4
34,65,2
104,132,4
66,144,4
37,25,4
151,77,2
97,42,4
178,115,4
37,15,4
96,183,4
125,71,4
39,108,4
125,50,4
142,99,4
7,206,2
115,124,4
154,87,4
196,68,2
12,122,2
107,19,4
176,139,2
186,42,2
117,43,4
61,194,2
0,165,4
81,102,4
144,45,2
80,200,4
198,176,4
27,61,4
102,175,4
102,34,4
206,185,4
134,22,4
96,24,4
36,35,4
132,147,4
78,99,4
160,101,4
162,30,4
194,90,4
143,193,4
108,198,4
131,173,4
49,86,4
91,90,2
123,45,4
131,156,4
164,187,2
176,207,2
108,202,4
209,31,4
1,207,4
197,15,4
63,55,4
110,30,2
209,89,2
40,98,4
22,170,4
112,43,4
142,43,4
112,93,4
73,161,4
117,22,4
182,68,2
108,43,4
74,128,2
114,132,4
5,145,2
50,134,4
129,65,4
140,207,2
3,97,2
127,9,4
172,182,4
5,13,4
125,113,4
65,119,4
78,172,2
174,168,4
185,206,4
121,12,4
61,85,4
163,197,4
101,52,4
155,81,4
50,117,4
163,129,4
101,46,4
96,65,2
173,120,4
146,56,4
195,149,4
73,142,4
186,174,4
38,11,4
144,142,2
110,136,4
61,35,4
145,90,4
63,86,4
169,88,4
131,61,4
171,44,4
192,207,4
153,198,4
42,34,2
85,1,4
145,150,4
72,70,4
149,108,4
14,90,4
36,90,4
104,93,4
179,80,2
134,17,4
195,155,2
132,164,4
21,202,4
33,172,4
16,54,4
121,172,4
64,9,4
51,94,4
79,122,4
64,31,4
206,204,4
30,197,4
73,141,4
17,103,4
135,15,4
188,115,4
32,65,2
58,207,4
178,19,4
150,138,4
93,174,2
178,153,4
146,147,2
160,182,4
187,149,4
16,148,4
32,190,2
209,160,4
18,96,2
138,100,4
193,112,4
135,196,4
182,77,4
184,175,4
13,46,2
5,118,4
6,3,4
25,167,4
140,25,2
29,108,4
10,189,4
202,31,4
76,161,4
127,88,2
198,40,2
32,67,4
174,48,4
60,135,4
4,148,4
27,152,4
132,113,4
125,90,2
155,70,4
37,104,4
185,57,4
133,176,4
27,201,4
87,140,4
119,124,2
167,162,4
82,3,4
151,66,4
60,51,4
37,81,2
192,163,2
62,125,4
185,88,4
98,149,4
41,121,4
197,118,4
85,97,4
22,180,4
153,35,2
13,79,4
48,204,4
90,172,2
103,59,4
199,129,2
163,140,4
66,70,4
141,161,4
138,157,4
0,166,4
85,74,2
6,7,4
158,166,4
131,91,4
2,71,2
189,105,4
79,8,4
197,142,4
155,6,4
12,189,2
139,73,4
69,47,4
130,188,4
197,108,4
142,144,2
76,84,2
45,40,4
202,100,2
21,144,4
56,105,4
140,94,4
140,130,4
105,168,2
99,151,4
115,75,2
102,2,4
110,97,4
136,141,2
2,51,2
23,65,2
55,89,4
167,190,4
205,197,4
96,46,4
157,142,4
28,4,4
135,177,4
201,115,4
51,70,4
6,48,4
110,53,4
184,32,2
68,129,4
148,41,4
102,56,4
104,31,4
145,92,4
97,206,4
85,148,4
101,160,4
151,25,4
125,89,4
49,118,4
145,151,4
66,137,4
199,172,4
101,10,2
99,86,4
157,112,4
151,61,2
46,90,2
64,43,4
4,14,4
149,9,4
11,149,4
158,13,2
70,104,4
188,54,2
105,152,2
148,60,4
111,130,4
64,7,4
136,39,4
55,166,4
14,92,2
89,147,4
6,127,4
197,94,4
145,59,4
140,114,2
17,80,4
95,110,4
134,168,4
10,97,4
189,103,4
183,139,4
159,83,4
30,151,4
200,188,4
11,114,4
179,17,4
45,129,4
40,11,2
84,150,2
26,32,2
88,58,4
92,29,4
73,176,4
180,187,4
102,46,4
157,183,4
92,155,4
180,55,4
79,80,4
113,157,4
97,115,4
157,54,4
53,192,4
2,162,4
42,78,4
14,89,4
7,33,4
118,5,4
19,89,4
137,67,2
13,11,4
129,125,4
192,131,2
189,29,4
68,174,4
143,183,4
150,122,4
121,155,2
84,40,4
188,184,4
78,105,4
5,164,4
33,191,4
167,118,4
117,96,4
21,72,4
138,126,4
167,91,2
7,46,4
102,70,4
22,48,4
34,176,4
72,31,2
164,145,4
159,39,4
53,95,2
5,25,2
49,46,4
38,73,4
7,121,4
35,147,4
7,10,4
72,21,2
0,93,4
13,97,2
77,25,4
82,125,4
91,69,4
97,173,4
67,181,4
185,74,2
166,119,4
133,25,4
76,148,4
201,49,2
32,105,4
156,150,4
194,137,2
154,159,4
106,119,4
103,87,4
94,97,4
152,8,2
49,88,4
139,97,4
195,189,4
12,91,4
146,96,4
161,87,4
120,125,4
152,168,4
46,53,4
45,35,4
62,4,4
197,63,4
160,182,4
94,124,4
56,21,4
157,119,4
189,151,4
187,43,2
51,137,2
70,45,4
205,193,4
13,186,4
152,166,2
174,83,4
105,168,4
63,177,4
72,19,2
53,60,4
79,115,4
90,9,4
130,85,4
132,44,4
148,135,4
39,89,4
70,79,4
78,13,4
175,91,4
52,121,2
30,12,4
192,49,4
123,169,4
148,86,4
180,191,4
76,53,4
118,71,4
105,143,4
146,8,2
183,45,2
172,157,2
130,4,2
114,136,2
139,70,2
158,52,4
106,118,2
53,56,2
170,166,4
116,14,4
181,136,4
141,27,4
71,207,4
116,127,4
28,2,2
81,203,4
179,11,2
94,74,4
42,24,4
191,112,4
52,160,4
71,35,4
175,62,4
139,165,4
209,184,2
52,107,4
102,57,4
170,184,2
68,126,4
102,85,2
138,67,2
50,149,4
39,171,2
123,70,4
135,157,2
188,24,4
127,176,4
37,32,2
127,19,4
197,156,2
172,92,2
169,132,4
206,195,2
94,209,4
49,81,4
186,33,2
135,172,4
148,203,2
195,67,2
182,146,4
182,188,4
159,200,4
203,76,4
148,62,4
184,131,2
195,3,4
17,181,2
139,108,4
150,196,4
173,58,2
132,65,2
109,96,4
188,120,4
208,59,4
204,58,4
125,132,4
3,105,4
94,47,4
84,40,4
148,34,4
142,153,4
133,135,4
200,128,4
59,173,4
17,181,4
202,191,4
189,51,4
194,48,4
8,38,2
189,28,4
101,1,4
93,3,4
171,187,4
149,109,4
121,56,4
16,19,2
99,129,2
95,46,4
30,20,4
169,146,4
114,143,2
39,63,4
93,118,4
108,69,2
5,12,4
202,16,4
15,205,2
125,133,4
108,153,4
107,130,4
82,11,4
9,171,4
160,173,2
141,8,2
40,57,4
139,180,2
164,43,4
67,108,4
67,42,4
125,121,4
34,64,4
23,35,4
109,209,4
143,184,2
116,155,4
16,180,2
61,34,4
156,26,2
27,45,4
130,141,4
14,71,2
3,22,4
159,59,4
111,108,4
35,123,2
127,100,4
207,144,2
148,190,4
41,59,4
91,70,4
91,81,2
129,127,4
18,180,2
133,132,4
40,12,4
66,18,2
182,78,4
185,24,2
100,70,4
48,170,2
69,52,4
51,178,4
137,64,4
138,122,4
108,198,4
10,47,4
8,41,2
88,174,4
12,123,4
76,30,4
109,113,4
88,25,2
98,172,4
48,137,2
145,36,4
164,1,2
115,94,4
28,200,4
145,121,4
160,168,2
191,107,4
128,2,4
66,193,4
185,4,4
150,51,4
46,148,2
15,69,4
91,176,4
23,190,4
175,166,4
108,73,2
51,80,4
118,180,4
78,85,2
146,17,4
66,132,4
49,72,4
28,204,4
90,62,2
50,95,4
125,56,2
78,179,4
46,175,4
155,74,4
137,13,4
201,130,4
54,3,4
53,49,4
158,140,2
9,7,4
80,103,4
153,178,4
142,180,4
8,61,4
188,91,4
153,47,2
104,58,4
74,88,4
66,22,2
71,73,4
39,43,2
49,163,4
146,118,4
188,71,4
50,153,4
51,136,4
91,105,4
198,110,4
0,41,4
16,81,4
112,51,4
41,146,4
108,8,2
2,9,2
197,148,4
128,22,4
151,15,4
184,177,4
207,90,4
50,91,4
152,201,2
135,97,4
37,183,4
43,30,2
88,10,4
3,92,2
57,89,2
193,190,4
20,157,4
209,143,4
124,186,4
169,51,4
130,86,2
173,31,4
102,97,4
25,87,4
17,96,2
125,107,4
111,163,4
130,118,2
160,135,4
27,154,4
19,120,2
194,156,2
101,58,2
105,198,2
164,77,4
37,100,4
46,108,4
15,67,4
27,41,4
206,114,4
26,32,4
183,149,4
111,126,4
204,139,4
125,168,4
11,79,4
94,157,4
41,199,4
145,183,2
91,179,2
196,27,4
117,107,2
67,114,4
48,134,4
57,160,4
72,66,4
18,127,4
82,124,4
191,82,2
92,209,4
131,140,2
153,122,4
24,142,4
84,74,4
185,169,4
154,116,4
159,126,4
70,27,4
162,3,4
98,178,4
187,61,2
10,198,4
66,55,4
66,199,4
170,66,4
43,59,2
1,37,4
30,89,4
177,120,4
16,112,4
190,54,4
143,84,4
188,30,4
144,157,4
168,8,4
202,199,4
115,151,4
179,197,4
136,15,2
201,203,2
181,196,2
72,54,2
54,191,4
74,207,2
99,141,4
99,134,2
22,81,4
158,111,4
159,44,4
66,169,2
62,62,4
0,146,4
201,92,4
78,25,4
18,91,4
4,27,2
29,19,2
56,92,4
99,19,2
205,31,2
191,18,2
144,91,4
113,9,2
73,66,2
59,3,4
208,69,4
149,144,4
137,179,4
176,10,4
70,142,4
78,146,4
90,188,4
153,136,4
54,119,4
95,85,4
3,41,2
54,182,4
44,52,4
101,190,4
151,119,4
128,205,4
35,179,4
187,48,4
188,87,4
203,174,2
124,17,4
15,15,4
86,40,4
31,13,4
177,26,4
63,138,4
99,12,2
97,140,4
49,60,4
88,100,4
191,64,4
169,87,4
76,66,2
109,134,4
81,154,4
151,86,4
202,172,2
19,185,4
25,202,2
22,202,4
50,31,2
134,139,4
137,186,4
164,2,4
77,155,4
2,91,4
169,51,4
48,89,4
16,63,2
7,144,4
139,119,4
180,127,2
36,156,4
100,93,2
194,77,4
136,5,4
34,33,4
155,106,4
73,20,4
104,121,4
195,57,2
1,4,4
190,169,4
14,11,4
134,194,4
189,172,4
150,140,4
163,203,2
53,141,4
159,182,4
39,126,2
106,94,4
94,2,4
50,2,2
118,203,4
193,181,4
37,91,4
152,69,4
23,163,2
203,189,4
208,98,4
67,122,4
21,86,4
138,167,4
89,154,4
89,105,4
100,7,4
200,34,4
41,101,4
195,53,4
175,188,4
208,179,4
147,97,2
178,199,4
47,162,4
130,4,4
85,34,4
10,172,4
50,2,2
181,141,4
100,100,4
32,106,4
133,70,4
157,103,4
185,92,4
16,179,2
27,193,4
188,98,4
99,92,2
24,36,4
149,196,4
196,115,4
23,74,4
127,36,2
85,181,4
150,141,4
133,44,4
53,9,4
84,161,4
140,96,2
112,169,2
23,92,4
101,132,4
173,145,4
6,124,2
141,124,2
191,126,2
18,129,2
157,35,4
47,209,2
76,5,4
69,157,4
60,98,4
175,143,4
12,165,4
94,74,4
141,189,4
19,102,4
132,98,4
50,132,4
150,174,4
33,113,4
138,91,4
110,90,4
17,44,2
15,38,4
120,115,2
55,25,2
114,44,4
121,137,2
119,119,4
84,39,4
181,81,2
120,175,2
25,93,4
110,52,4
97,190,4
42,178,4
143,44,4
117,31,4
150,142,4
176,182,4
90,114,4
203,209,4
102,49,4
207,17,4
172,104,4
53,175,4
204,128,2
9,56,4
41,22,4
161,77,4
40,123,4
0,19,4
138,84,4
117,180,2
22,76,4
86,122,4
108,42,4
152,28,2
202,65,4
132,164,4
141,187,4
66,66,4
54,108,4
199,73,4
9,9,4
151,139,2
14,82,4
34,79,4
8,31,2
191,52,2
131,105,4
82,66,4
188,105,4
129,93,2
92,113,4
172,186,4
131,82,4
90,56,4
41,135,2
109,118,4
125,89,4
60,149,4
85,167,2
28,152,2
163,65,4
150,11,4
184,6,4
82,41,4
69,7,2
159,163,4
192,80,4
22,189,4
72,38,4
55,111,4
58,132,4
173,14,4
97,62,4
86,178,2
37,126,2
54,56,2
17,128,2
106,184,4
192,46,4
52,102,4
66,110,4
117,148,2
189,52,2
37,32,4
177,125,2
143,205,4
101,69,4
42,15,4
52,25,2
121,44,4
166,26,4
124,72,2
36,70,4
199,170,4
170,73,4
135,58,4
61,84,4
92,74,4
185,208,4
132,21,4
77,95,4
166,165,2
135,182,4
198,122,4
111,95,4
61,10,4
162,14,4
78,112,4
193,197,4
100,116,4
180,177,4
80,182,2
114,118,2
112,205,4
204,67,4
111,15,4
24,50,4
146,128,4
139,61,2
54,203,4
32,209,4
17,129,4
36,98,2
50,199,4
48,181,4
197,122,4
134,128,4
18,113,2
46,160,4
56,192,4
89,87,2
45,119,4
114,49,4
195,189,4
124,93,4
30,168,4
161,55,4
53,28,4
123,105,4
102,63,4
198,124,4
92,66,2
42,74,4
95,172,4
184,123,4
20,66,4
120,106,4
59,151,4
52,15,4
66,82,4
19,201,2
23,28,4
41,197,4
44,119,2
138,46,4
161,66,4
203,76,4
45,190,4
191,3,2
79,46,4
89,164,4
161,28,2
145,32,4
177,154,4
101,110,2
22,197,4
98,27,4
131,71,2
51,37,2
64,53,4
32,196,4
86,182,4
30,76,4
151,202,4
54,190,4
138,185,4
5,30,4
192,142,4
107,110,4
184,41,2
52,155,4
32,192,4
188,196,4
38,206,4
127,28,4
123,163,2
64,39,4
19,74,2
165,15,4
53,58,4
82,209,2
46,126,4
56,206,4
190,109,2
82,127,4
110,26,2
196,70,4
85,52,4
121,193,4
127,180,4
113,65,2
189,201,4
153,113,2
112,55,4
176,116,4
30,1,4
154,126,2
14,78,2
58,68,4
82,6,4
37,20,2
135,112,4
68,90,4
63,136,4
9,31,4
132,145,4
47,61,2
131,60,2
86,103,4
83,147,4
90,198,2
180,202,4
137,90,2
7,6,4
114,114,2
205,188,4
114,106,2
114,16,4
133,175,4
164,140,4
153,38,4
4,145,4
82,28,4
28,16,4
27,207,2
128,144,4
122,92,2
133,77,2
122,54,4
158,25,4
0,57,4
138,109,4
78,104,4
61,99,4
142,174,4
70,112,4
110,170,2
156,105,4
134,147,2
186,85,4
107,143,4
163,9,4
100,1,4
202,150,4
66,154,4
96,171,4
13,136,4
206,2,4
128,11,2
176,105,2
38,168,4
91,179,4
55,37,4
68,160,4
167,208,4
106,95,2
162,98,4
183,182,2
196,173,2
69,36,4
149,181,4
61,157,4
41,131,4
140,75,2
12,59,4
33,77,4
84,187,4
45,159,4
60,109,4
8,1,4
5,120,4
181,58,4
49,13,4
114,112,2
63,133,4
141,45,4
25,115,4
68,2,4
191,39,2
196,44,4
40,75,4
113,143,4
107,193,4
30,3,4
143,92,2
165,145,4
39,92,4
114,121,4
72,175,4
201,96,2
154,60,4
149,158,4
96,180,2
192,19,4
156,109,4
139,75,2
177,129,4
126,118,2
75,189,2
35,111,2
160,112,4
69,34,4
124,137,4
156,173,2
184,198,4
90,18,4
151,49,4
193,56,4
80,107,4
190,143,2
79,24,4
174,76,4
53,83,4
121,64,2
71,194,2
201,9,4
29,50,4
59,173,4
195,160,4
139,36,4
146,94,4
33,60,2
24,57,2
23,173,4
57,176,4
191,176,2
157,75,4
108,178,4
137,91,2
121,169,4
2,180,4
101,110,4
59,14,2
143,110,2
78,129,4
40,134,4
176,14,4
179,29,4
181,150,4
140,124,2
70,168,2
107,58,4
88,165,4
6,152,4
199,58,2
26,92,4
205,55,2
34,29,4
187,15,2
47,39,2
184,29,4
30,127,4
94,92,4
125,98,4
128,44,2
184,124,2
83,203,2
75,64,4
54,61,4
20,178,2
175,51,2
182,62,4
98,85,2
111,65,4
85,103,4
14,162,4
190,45,4
57,29,4
185,32,4
166,0,4
28,69,2
140,155,4
166,26,4
165,135,4
136,89,2
195,91,2
163,59,4
30,141,4
140,2,2
48,16,4
78,48,4
82,162,4
182,6,2
70,183,2
156,52,4
1,48,4
0,180,4
36,139,2
113,192,4
83,70,2
95,171,2
17,106,4
36,194,4
142,66,2
121,172,4
49,86,4
3,129,4
90,172,4
66,144,4
161,136,4
78,178,4
115,133,4
83,149,4
142,200,4
134,155,4
205,3,4
148,154,4
130,183,4
79,207,4
166,66,2
71,109,4
89,158,2
79,201,4
135,74,4
16,56,4
166,186,4
195,138,4
114,96,2
82,9,4
198,14,4
200,87,4
15,72,2
155,108,2
82,134,4
65,146,2
188,199,2
52,76,4
71,82,4
73,176,4
84,195,4
12,19,4
100,141,2
78,53,2
74,15,4
189,166,4
127,122,2
138,178,4
61,190,2
62,116,4
124,172,2
18,55,4
76,169,2
149,159,2
108,64,4
141,53,4
102,4,4
176,39,4
176,4,2
173,162,4
20,113,4
26,147,4
203,187,4
82,12,4
62,63,2
182,63,4
103,57,4
167,164,2
144,193,4
121,92,2
204,203,4
54,182,4
31,62,4
145,138,2
156,145,2
169,69,4
19,169,4
85,141,4
183,100,2
138,145,2
74,32,2
189,154,4
72,49,2
155,183,4
187,89,2
106,195,2
74,168,4
50,61,2
104,41,2
26,2,2
190,74,2
179,108,4
104,156,4
88,157,2
149,142,2
76,75,4
164,178,4
70,29,4
114,120,4
28,180,4
50,43,4
208,134,2
167,202,4
81,160,4
178,175,2
169,164,4
79,131,4
14,177,2
158,162,4
5,19,4
26,199,4
39,3,2
140,68,4
47,197,4
163,20,4
31,162,2
183,165,4
48,179,4
3,12,4
35,124,2
114,29,4
105,90,4
149,208,4
92,84,2
174,27,2
149,136,4
202,90,4
65,150,4
4,117,2
199,132,4
51,84,2
158,206,4
47,49,4
33,140,4
139,122,4
51,95,4
175,155,4
143,5,2
145,19,2
14,16,4
32,35,4
177,93,4
145,127,4
105,159,4
66,81,4
89,173,2
163,178,2
30,188,4
70,51,4
164,206,2
151,167,2
132,7,4
18,208,4
61,193,4
3,111,4
162,91,4
18,9,4
121,159,4
28,137,4
123,50,2
183,120,4
71,65,4
20,99,4
181,150,4
170,38,4
93,98,2
148,86,4
133,118,2
193,143,2
48,154,4
12,87,4
115,149,4
169,206,4
26,168,4
137,202,2
181,143,4
160,56,2
57,99,2
123,114,4
38,122,4
164,92,2
85,44,2
25,198,4
62,152,4
65,53,4
171,194,4
183,34,4
140,106,4
40,37,4
93,124,2
24,152,2
63,100,2
41,204,4
92,58,4
76,28,2
70,205,2
85,124,2
129,96,4
148,102,2
163,180,4
201,35,2
89,57,4
20,118,4
203,125,2
174,33,4
86,138,4
28,190,4
152,36,4
117,45,4
90,75,4
38,25,4
112,181,4
47,99,4
184,48,2
180,67,4
138,29,4
157,206,2
21,41,4
164,91,4
55,194,4
111,111,2
136,151,2
159,78,4
174,201,4
163,197,4
168,115,2
141,127,2
175,156,4
107,57,2
132,133,4
172,76,4
34,135,4
183,0,2
192,152,2
113,170,4
10,108,2
185,128,4
114,45,2
97,185,4
171,197,4
151,94,4
16,207,4
154,46,4
54,198,2
27,171,4
96,121,2
3,167,4
84,40,4
48,101,4
39,169,2
191,85,4
37,192,4
33,7,2
74,199,2
63,51,4
172,60,2
161,161,4
162,52,4
122,79,4
155,100,4
73,139,2
162,82,4
37,192,4
16,61,4
1,95,2
137,208,4
30,24,2
158,155,4
97,103,4
204,45,2
202,56,4
3,69,2
20,190,2
20,100,4
18,15,4
27,130,2
104,189,4
176,150,4
76,58,4
61,53,4
47,5,4
148,88,2
167,134,4
154,137,2
123,118,4
166,61,4
131,44,4
5,9,2
96,1,4
55,127,2
40,13,4
70,171,2
80,32,4
86,167,2
127,148,2
73,163,4
114,193,2
101,127,4
89,178,2
78,206,4
159,172,4
192,21,4
73,123,2
62,141,4
3,197,2
43,126,4
109,3,4
9,24,4
179,203,4
167,32,2
144,132,4
92,182,2
69,202,4
28,182,4
4,86,4
14,189,2
165,140,4
153,131,2
166,171,4
15,124,4
69,4,4
45,35,4
86,69,4
179,80,2
91,9,2
102,120,4
200,23,4
140,59,4
67,150,4
124,78,4
122,99,4
92,113,4
183,59,2
34,17,4
4,136,4
86,34,4
111,134,2
127,12,4
98,26,2
154,50,4
115,97,4
184,33,2
178,139,2
138,73,2
98,186,2
69,23,2
196,51,4
149,139,4
75,128,4
118,17,4
132,16,4
160,1,4
123,95,4
92,196,2
160,149,4
199,13,4
206,10,4
105,49,4
105,99,2
189,135,4
170,12,4
82,45,4
124,97,4
34,17,4
29,17,4
61,108,4
140,22,2
36,113,2
35,54,2
119,65,2
84,35,4
87,102,2
81,123,2
186,187,4
44,148,2
197,158,2
173,207,4
21,108,4
119,132,4
59,195,4
201,168,4
172,127,2
85,105,4
78,95,4
74,200,4
190,203,4
142,9,4
180,107,4
143,17,2
99,58,4
6,37,4
7,98,4
107,70,4
77,6,2
28,150,4
102,46,4
51,26,4
140,132,4
203,51,4
157,39,4
13,156,2
46,83,4
99,154,4
81,111,2
157,142,2
48,139,2
167,178,4
120,108,2
13,152,2
132,79,2
178,70,4
87,158,4
91,103,2
145,169,4
123,128,4
116,55,4
42,126,2
38,108,4
88,50,4
134,32,4
70,41,4
28,32,4
141,141,4
22,0,4
15,77,4
144,22,4
41,147,4
208,119,2
32,198,2
184,25,4
159,119,2
106,61,4
165,91,2
10,87,2
64,121,2
66,35,2
160,101,4
72,75,4
171,89,2
82,60,4
89,93,4
193,46,2
101,69,4
167,192,4
86,93,4
197,72,4
32,154,2
96,57,4
163,42,2
20,95,2
133,144,2
184,154,2
41,201,2
140,30,2
165,131,4
8,82,4
96,132,4
164,189,4
26,134,2
136,185,4
83,97,4
33,94,4
46,55,2
52,88,2
59,33,4
60,205,4
119,82,4
104,205,2
117,21,2
125,190,4
145,29,4
122,83,4
179,59,4
88,175,4
0,148,4
4,73,2
114,171,4
50,167,4
136,201,4
43,176,4
48,176,4
19,130,4
102,110,4
85,63,4
125,3,4
148,154,4
63,144,4
95,75,2
117,145,4
165,62,4
97,172,4
15,37,4
150,16,2
142,107,4
94,208,4
108,3,4
2,37,4
171,97,2
58,22,4
32,4,4
6,32,2
165,31,4
192,14,4
51,44,4
101,59,4
0,53,2
118,101,4
126,192,2
189,47,2
65,17,4
9,120,4
152,170,4
62,161,2
73,189,4
134,54,4
75,11,2
16,106,2
122,43,2
186,106,2
65,157,2
80,9,4
173,75,4
173,114,4
144,180,4
208,38,2
44,173,4
13,7,4
148,29,2
131,118,2
9,79,4
160,84,4
145,77,4
153,69,2
21,88,4
111,87,4
43,121,4
59,133,2
178,80,2
122,18,4
184,146,4
59,7,4
77,164,4
143,208,2
150,108,4
13,122,2
208,167,4
144,55,4
161,207,2
117,55,4
199,75,4
4,180,2
96,110,4
134,59,4
26,94,4
47,156,2
112,147,2
163,185,4
105,125,2
196,203,4
103,157,2
41,74,2
184,64,4
180,0,2
40,159,2
25,35,2
114,136,2
79,134,2
189,88,4
44,170,4
63,178,4
43,4,2
101,178,4
96,50,4
1,141,4
119,43,4
43,155,4
55,52,4
140,62,2
22,102,4
68,155,4
161,116,4
203,74,4
191,4,4
82,156,4
129,9,4
179,40,2
142,205,2
95,74,4
95,60,4
24,11,4
144,1,4
147,100,4
127,99,2
30,53,4
89,154,4
208,109,4
72,14,2
137,21,4
182,137,2
193,144,4
152,139,4
55,138,2
21,129,2
49,29,4
160,197,2
136,85,2
89,106,2
98,77,4
72,84,4
68,118,2
77,16,2
146,75,4
80,142,4
196,54,2
198,105,4
145,170,2
7,37,4
44,8,4
77,171,4
109,15,4
29,157,4
77,28,2
102,179,4
44,78,4
34,132,2
8,170,4
4,58,4
129,95,4
180,71,4
84,72,4
112,187,2
20,50,4
66,148,4
80,121,2
49,182,4
151,136,4
168,96,4
74,144,4
186,176,4
13,117,4
63,14,2
124,110,2
92,193,4
134,32,2
155,0,4
144,16,4
132,187,4
0,30,2
56,158,2
135,70,2
87,204,4
48,120,4
176,83,2
37,114,4
89,182,4
64,174,2
147,133,2
160,26,4
59,197,4
134,43,2
151,147,4
197,78,4
104,140,2
35,98,4
119,23,4
115,70,2
18,77,4
110,66,4
178,114,2
130,47,4
199,105,4
144,18,4
23,49,4
56,72,4
208,31,4
137,139,4
16,102,2
127,142,2
202,13,2
121,23,2
0,148,4
158,168,4
26,76,4
8,166,4
189,78,4
122,166,4
166,77,4
71,102,4
45,178,4
51,41,4
37,111,2
130,25,4
69,77,4
140,75,4
30,119,2
199,46,2
34,116,2
50,135,2
133,12,2
154,94,2
58,72,2
144,183,2
179,140,2
68,140,4
38,55,4
80,182,4
45,3,4
157,139,4
127,145,2
132,100,2
1,118,4
171,204,4
78,49,4
119,163,2
2,57,4
207,133,4
180,158,2
93,97,4
154,48,4
175,71,4
120,112,4
124,96,2
51,30,4
208,58,4
129,146,4
151,40,4
175,67,4
148,108,2
56,157,2
103,72,4
202,191,4
100,47,2
190,112,4
58,84,4
183,62,4
65,56,2
56,148,2
208,56,4
107,165,4
128,105,4
29,90,4
203,30,4
107,107,2
158,25,4
126,93,4
30,46,4
195,46,2
134,128,4
130,91,4
64,58,4
156,184,4
15,6,2
27,54,4
197,177,2
198,14,4
205,103,2
92,130,2
201,22,4
189,77,4
187,77,4
75,39,4
109,117,4
89,72,4
68,121,4
127,207,4
19,208,4
67,68,4
115,21,4
119,146,4
53,180,4
128,162,2
155,200,2
103,92,4
167,160,4
129,187,2
57,88,2
184,62,2
23,154,4
30,158,2
74,34,2
161,153,4
194,175,4
108,14,2
162,186,2
55,127,4
61,69,4
131,197,4
81,13,4
75,181,4
148,161,2
152,72,2
3,65,2
2,36,4
191,135,4
169,144,4
186,197,2
202,72,2
189,124,4
160,39,2
6,37,4
202,130,2
99,4,4
55,155,2
188,161,4
75,145,2
173,205,2
151,34,4
30,4,2
124,102,4
170,42,4
132,197,4
134,24,4
181,126,4
57,157,4
160,206,4
166,18,4
66,81,4
74,199,4
103,194,4
20,85,4
2,127,2
161,135,4
2,111,2
60,92,4
45,203,2
138,182,4
142,82,2
191,126,2
169,123,2
42,185,4
128,104,4
96,50,2
25,149,4
208,168,4
201,144,2
73,85,4
126,27,2
184,17,2
65,55,4
33,35,4
133,19,4
51,15,4
40,124,2
112,62,2
135,4,4
101,92,2
153,175,4
26,23,2
32,155,2
177,139,4
16,74,4
11,37,4
112,14,2
52,114,4
67,160,4
42,125,2
125,89,4
172,3,2
115,147,2
97,100,2
46,146,4
130,94,4
99,134,4
150,147,4
24,200,4
53,165,2
18,195,4
193,177,4
165,37,4
88,188,2
143,90,4
77,151,4
199,80,4
126,69,2
93,84,4
47,51,2
160,178,4
123,148,4
71,15,4
77,86,2
66,178,4
145,19,4
103,159,4
79,179,4
7,205,4
113,93,4
77,163,4
192,45,4
84,23,4
204,67,4
104,122,4
146,174,4
16,160,4
156,178,2
184,175,4
72,63,4
147,90,4
207,74,4
27,135,4
198,180,4
54,62,4
96,147,4
153,59,4
1,102,4
113,157,4
169,3,2
74,111,4
75,101,4
162,106,4
83,133,2
16,9,2
154,50,4
147,71,4
113,2,4
66,35,4
69,184,4
15,0,4
106,62,2
32,191,2
114,147,4
0,184,4
138,16,4
68,57,4
154,70,2
166,24,4
16,60,2
196,82,4
26,47,2
30,5,4
187,120,4
184,88,2
186,103,2
79,199,2
22,160,4
157,54,4
130,194,4
20,99,2
52,99,4
208,14,2
202,35,4
170,73,4
99,129,4
53,146,2
137,147,4
82,55,4
3,204,2
52,4,2
99,105,4
138,18,4
87,118,4
34,114,2
159,207,4
153,189,4
182,91,4
109,5,2
208,203,4
119,67,4
120,97,2
31,164,4
127,173,4
79,194,2
159,38,4
136,93,2
64,172,4
89,76,2
98,195,4
82,156,4
43,82,4
117,17,2
110,174,2
117,112,2
0,208,4
181,174,4
9,136,4
205,154,4
79,129,2
118,27,4
151,107,2
147,117,4
32,156,2
100,200,4
12,119,2
50,142,4
204,0,4
102,180,2
190,176,4
134,0,4
135,101,4
103,158,4
17,42,4
60,118,4
115,4,2
164,82,4
101,29,4
80,57,2
195,201,4
114,188,2
138,83,2
26,27,4
61,153,2
173,14,4
124,13,4
107,106,4
80,18,2
156,193,4
67,181,4
146,107,2
38,199,4
65,71,4
27,172,2
129,25,4
16,87,4
40,130,2
134,16,2
3,195,4
156,61,4
202,60,4
45,49,2
94,111,4
102,132,2
191,51,4
187,34,4
69,130,4
95,59,4
132,158,2
173,75,4
111,152,2
25,16,4
40,19,4
164,162,4
111,195,2
60,198,4
49,50,4
172,18,4
69,74,4
130,125,2
21,136,4
62,192,2
53,32,4
117,57,2
63,134,2
141,99,4
171,115,4
2,63,4
172,28,2
137,54,4
48,141,4
137,105,2
60,171,2
101,79,4
18,45,4
40,185,4
18,41,2
143,72,4
42,23,4
85,163,4
147,15,2
199,121,4
182,137,4
167,50,4
8,54,4
199,50,4
46,191,2
153,29,4
171,111,2
143,153,4
139,22,4
33,205,2
33,35,4
63,72,4
197,29,4
29,88,2
97,130,4
20,42,2
208,66,4
182,73,4
78,199,2
5,203,4
138,42,2
16,23,4
78,124,2
56,195,2
202,151,4
102,76,4
196,93,4
1,42,2
37,4,4
161,155,4
67,129,4
34,8,2
165,137,4
125,132,4
73,105,4
139,139,4
115,112,4
202,66,2
42,94,2
136,161,4
19,39,4
114,66,4
7,11,4
24,58,2
149,81,4
50,104,2
160,173,4
183,96,2
10,196,4
37,71,4
148,73,4
80,108,4
20,185,4
159,154,2
25,165,4
101,68,2
50,52,4
205,82,2
16,29,2
184,12,4
99,18,4
84,92,2
49,158,2
205,27,2
67,179,4
46,89,4
111,131,4
181,10,4
12,68,2
62,67,2
90,122,4
70,56,2
94,158,2
96,195,2
184,144,4
150,60,2
49,131,2
173,91,4
143,173,4
6,71,4
137,183,4
167,180,2
177,76,4
97,47,4
70,192,2
62,27,4
155,47,4
195,181,4
196,9,4
118,149,4
63,113,4
95,72,4
121,126,4
59,74,2
121,53,2
68,107,4
186,94,4
90,193,2
94,166,2
159,125,4
136,200,4
29,160,4
26,184,2
200,195,2
32,8,4
154,81,4
123,187,4
91,4,2
46,15,4
132,125,2
124,123,4
46,172,4
79,85,4
46,167,4
60,143,4
108,107,2
32,184,4
101,160,4
160,35,4
208,69,4
63,17,4
180,174,2
99,206,4
113,143,2
149,164,4
118,6,4
15,46,4
33,51,4
47,53,4
104,178,4
41,175,2
77,118,4
124,115,4
80,79,4
59,149,4
137,98,2
58,69,2
173,189,4
205,126,4
80,46,4
158,5,4
168,36,4
98,196,2
108,193,4
207,11,4
90,156,2
91,147,2
141,148,2
150,144,2
125,136,4
101,138,2
166,47,4
55,85,4
62,120,4
16,168,2
100,192,2
83,24,4
154,38,4
28,174,4
79,99,2
30,204,2
164,87,4
20,76,4
31,37,2
190,14,2
142,157,4
4,65,4
48,188,4
107,162,4
140,44,4
3,127,4
97,140,4
40,4,2
120,37,4
20,162,4
32,172,4
138,102,4
203,149,4
42,63,2
130,117,2
73,136,2
189,13,4
10,188,2
50,156,4
127,141,2
207,141,2
60,171,2
169,77,4
78,48,4
107,113,2
161,54,4
27,199,4
27,8,4
45,117,2
76,149,4
155,145,4
93,113,2
181,16,4
99,152,4
116,117,2
20,55,4
196,120,2
18,199,2
81,187,4
139,36,2
50,4,4
186,22,2
108,155,4
93,141,2
156,48,4
109,83,4
4,133,4
120,91,4
124,1,2
23,128,4
55,147,4
65,158,4
137,99,4
40,103,4
56,135,4
135,78,2
82,111,4
200,124,4
105,20,4
29,44,4
90,117,4
120,128,4
41,70,2
33,183,2
163,119,2
63,42,4
91,44,4
176,73,4
175,160,2
4,159,4
187,35,4
55,124,2
28,3,4
66,77,4
44,204,4
115,92,2
39,32,2
48,17,2
67,96,2
167,19,2
174,2,2
124,198,4
95,76,4
7,59,2
78,98,2
92,143,2
96,107,2
169,78,4
120,79,2
79,109,2
176,87,4
101,173,2
10,160,2
2,79,2
44,90,4
97,32,4
166,121,4
45,146,4
135,197,4
33,20,4
62,191,2
195,185,4
87,44,4
36,126,4
143,11,4
7,140,4
199,204,2
131,117,4
68,45,4
146,20,2
17,133,2
45,82,4
13,206,4
164,28,2
168,173,2
115,85,2
66,200,2
72,126,4
92,182,4
15,130,4
0,87,4
44,101,4
108,189,2
94,72,4
64,52,2
106,68,4
31,119,2
161,207,4
167,182,2
108,16,4
55,67,4
127,138,2
4,78,4
191,127,4
202,191,2
89,200,4
60,111,4
81,49,2
38,3,4
50,99,2
70,205,4
8,175,2
76,43,4
134,34,4
37,133,2
115,189,4
171,0,2
103,152,4
125,35,4
41,134,4
166,124,2
77,26,4
109,93,4
141,136,4
21,7,2
105,80,4
182,149,4
111,184,2
181,187,4
162,197,4
191,188,2
133,42,4
92,187,4
172,177,2
65,2,2
141,148,4
92,17,4
183,76,4
185,95,4
20,19,4
97,163,2
204,114,4
60,6,4
148,48,4
95,85,4
141,194,2
138,129,4
46,170,4
177,74,4
141,78,2
154,178,4
36,100,2
99,157,4
206,27,2
204,149,2
92,130,4
131,113,2
87,170,2
208,147,4
9,29,2
159,188,4
163,174,4
12,146,2
133,30,4
48,8,4
51,120,2
143,172,4
198,31,4
137,113,4
49,102,2
133,172,2
102,198,2
188,84,4
84,168,2
142,38,4
61,96,4
68,22,2
33,10,4
6,117,2
162,170,4
81,169,2
110,123,2
74,136,4
26,186,2
120,179,2
20,14,4
174,112,4
119,20,2
184,41,2
135,62,2
98,101,4
20,24,4
201,178,2
174,5,4
134,65,2
40,207,4
149,192,2
124,11,4
155,10,2
161,89,4
16,144,4
131,56,4
55,107,4
58,174,4
97,171,4
203,177,2
157,200,4
183,179,4
73,48,4
42,67,4
196,58,4
99,125,4
45,145,4
26,187,2
52,205,4
5,60,2
189,207,4
172,147,2
149,201,2
208,68,2
151,154,4
188,152,4
67,77,2
55,81,2
44,157,2
18,191,2
104,11,2
39,208,4
69,3,4
61,102,4
151,159,4
31,208,2
50,105,4
182,148,2
182,113,4
145,126,2
34,106,4
66,137,2
189,12,4
23,9,4
112,19,2
82,141,4
111,191,2
58,194,2
168,15,2
174,118,4
208,150,4
43,128,2
111,56,2
141,49,4
8,195,2
20,29,2
138,59,4
131,7,4
205,113,2
183,160,4
141,109,4
7,98,4
37,198,2
30,48,2
5,131,4
143,69,2
124,180,4
9,100,2
59,167,4
151,134,2
145,46,2
137,178,4
173,8,4
13,129,2
8,50,2
82,31,4
192,161,4
120,136,4
150,52,2
79,43,4
178,150,4
32,52,4
128,13,4
108,99,2
169,129,4
115,59,2
167,39,2
131,51,4
44,120,2
106,93,2
131,89,4
133,83,2
78,110,4
173,130,4
109,65,4
203,36,4
176,48,4
39,66,2
9,159,4
205,113,4
169,167,2
8,161,4
171,51,4
1,160,4
81,100,4
22,98,4
98,73,2
175,182,4
68,183,2
113,54,4
190,176,4
69,198,4
10,15,4
39,95,4
150,75,4
83,101,4
195,165,4
196,15,2
3,203,4
126,96,4
203,10,4
190,50,4
154,73,4
66,150,4
185,11,4
197,97,2
32,53,2
122,92,4
87,1,4
164,68,2
151,204,4
186,112,2
181,59,4
106,69,4
89,64,4
127,176,2
168,153,4
78,169,2
12,106,4
55,175,4
19,88,2
120,122,4
60,124,4
137,157,2
61,32,4
157,19,4
59,54,4
52,116,2
141,201,2
61,39,4
114,158,4
57,34,2
172,10,4
59,133,4
109,10,4
21,164,4
190,66,4
145,110,4
147,76,2
43,31,2
90,14,4
85,32,4
104,127,4
187,189,4
176,103,4
204,207,4
171,181,4
33,167,4
143,73,2
75,79,2
84,3,4
201,118,4
176,24,4
175,95,4
118,85,2
29,35,2
135,114,4
172,13,4
70,13,2
63,94,4
189,147,4
161,207,2
178,191,2
131,105,4
175,122,4
100,13,2
20,185,4
123,57,2
53,21,4
90,80,2
94,35,2
170,96,4
63,126,2
30,179,4
26,12,4
202,152,4
96,80,2
32,90,2
116,124,2
43,208,4
149,68,4
57,8,2
147,139,2
34,114,4
181,203,4
62,50,4
185,199,2
154,85,4
185,206,4
57,37,2
62,71,2
40,97,4
206,5,4
67,176,4
208,128,4
11,79,2
135,99,2
182,78,2
87,195,4
123,71,4
185,38,2
131,59,2
170,141,4
144,90,2
155,129,2
36,1,2
29,85,4
141,39,4
161,115,2
105,28,4
155,43,2
38,130,4
114,142,4
28,44,2
93,161,2
86,146,4
140,166,2
53,131,4
19,150,4
46,89,2
0,165,4
149,153,4
159,117,4
61,38,2
158,32,2
200,3,2
32,106,4
40,73,4
136,33,2
9,90,4
18,53,2
46,106,4
108,46,4
139,77,2
181,198,4
132,190,4
117,105,4
127,44,4
160,23,4
101,36,4
172,167,4
139,135,4
141,193,4
65,199,2
32,38,4
87,154,4
75,177,4
78,100,4
104,30,2
137,186,4
13,5,4
176,166,2
130,141,2
204,138,4
184,186,4
74,86,4
99,69,4
21,51,2
92,60,4
186,12,4
86,71,2
125,135,4
149,85,4
170,89,4
48,46,4
115,149,2
205,60,4
5,78,4
158,202,2
179,201,4
92,80,2
137,123,4
47,120,4
120,193,2
207,156,4
51,101,4
118,111,4
58,143,4
17,156,2
44,166,4
169,100,4
141,186,4
26,91,4
18,162,4
163,153,4
104,153,2
111,176,2
40,129,4
178,101,4
139,109,2
157,85,4
155,66,4
134,58,4
195,91,2
181,179,2
64,206,4
104,16,2
204,98,2
24,54,4
190,18,2
141,29,4
153,12,4
119,128,4
105,179,4
86,159,4
88,149,4
150,203,2
101,36,4
186,5,2
47,49,4
174,87,2
15,84,4
153,81,2
75,106,4
9,177,4
196,9,2
4,206,4
6,122,4
38,47,4
3,177,4
90,199,4
16,105,4
54,168,2
28,27,4
21,58,2
190,35,4
193,137,4
141,28,4
12,199,2
127,119,4
89,53,2
142,43,2
117,7,4
30,84,4
87,198,2
1,25,2
122,202,2
184,118,4
13,79,2
40,104,2
148,80,2
148,139,4
162,143,4
169,66,4
153,133,4
189,141,2
166,20,4
89,203,2
58,87,2
179,6,4
41,200,4
13,153,4
111,1,4
125,90,4
44,173,4
91,152,2
64,117,4
78,192,4
50,173,4
82,134,4
101,160,4
146,31,4
152,19,4
6,179,4
79,133,4
142,144,4
56,150,2
135,116,4
192,15,4
60,29,4
144,152,4
189,141,4
200,151,4
169,31,4
134,28,4
79,174,4
32,139,4
112,208,2
120,170,4
146,130,4
41,159,2
196,18,4
26,123,2
58,96,2
72,136,4
198,34,4
81,66,4
110,0,4
128,151,2
156,86,4
74,147,2
153,88,4
18,123,4
186,12,4
4,136,2
83,118,4
29,17,2
12,109,4
52,176,4
179,164,4
20,191,4
205,43,4
29,58,2
105,94,4
84,15,4
71,82,2
0,91,4
169,159,4
42,16,4
110,136,4
155,109,2
49,194,2
170,45,2
39,150,4
10,166,4
173,150,4
86,118,2
50,174,4
192,91,2
42,157,4
185,1,4
60,186,2
50,146,4
61,26,2
57,78,4
164,46,4
87,81,4
116,188,4
61,205,2
202,8,2
102,160,4
197,91,4
12,56,2
144,147,2
146,131,2
136,176,2
35,186,4
146,135,4
202,77,4
37,8,2
148,3,4
9,191,4
122,40,4
161,131,4
44,146,2
127,24,2
103,7,2
113,70,4
162,15,2
102,46,4
10,119,2
142,114,2
206,197,4
31,109,4
176,52,2
112,64,2
27,107,2
115,144,4
58,202,2
134,57,4
57,69,2
207,69,4
108,162,4
142,68,2
172,185,4
90,78,4
5,169,4
28,141,2
167,117,4
49,145,2
119,131,4
33,147,4
94,178,4
58,143,4
122,9,2
70,122,2
167,168,2
8,155,4
26,99,4
15,142,4
32,126,4
48,83,4
137,78,4
136,112,2
150,92,4
26,40,4
89,23,4
194,102,2
164,78,2
174,71,4
134,143,2
85,181,2
57,12,4
44,160,4
43,83,4
24,195,2
173,37,4
144,205,2
116,199,4
75,33,4
200,114,2
173,17,4
127,46,4
137,202,4
28,125,4
47,141,4
165,8,2
140,163,4
31,198,4
42,11,4
87,134,4
123,130,4
148,106,4
52,144,2
192,29,2
48,17,4
119,21,4
103,7,2
186,12,4
198,86,4
102,53,4
166,124,4
135,128,4
84,171,2
7,88,4
15,194,2
145,53,2
46,173,4
44,17,2
102,52,4
154,119,4
112,19,2
106,202,4
108,23,2
91,143,4
204,41,2
61,54,4
3,104,4
42,185,4
99,86,4
16,127,4
104,111,2
1,95,2
185,198,2
61,111,4
17,132,2
174,99,4
108,165,4
41,65,4
18,29,4
160,172,4
138,32,4
202,9,2
5,77,4
177,88,4
36,96,4
111,134,4
198,36,4
52,140,2
119,187,4
1,9,2
195,51,4
1,132,4
21,107,4
169,139,4
116,19,4
169,181,4
90,189,4
74,190,4
141,155,4
58,84,4
143,28,4
87,51,2
131,95,4
191,37,4
34,155,4
107,52,4
153,101,2
114,11,4
26,47,4
50,25,4
115,194,4
158,11,2
42,60,4
22,112,2
177,199,4
158,200,4
31,84,4
178,35,2
114,208,2
137,74,2
143,136,2
81,36,4
147,136,4
96,97,4
94,39,4
89,169,2
17,66,4
111,63,2
0,138,4
28,110,4
112,182,4
192,66,4
25,181,2
22,126,4
57,200,4
129,175,4
175,157,2
196,183,2
24,149,4
90,185,4
185,149,4
103,43,2
42,68,2
59,199,4
61,87,4
89,197,4
91,174,4
160,198,4
105,112,2
49,85,2
127,173,4
86,180,2
91,154,4
74,201,4
46,99,2
18,22,4
124,131,4
11,186,4
120,160,2
66,67,4
15,32,4
95,57,2
130,164,4
77,11,2
56,200,2
90,150,4
93,173,4
49,34,4
45,138,4
116,92,4
15,17,4
203,99,4
203,28,4
124,185,2
27,108,2
32,38,4
85,27,4
206,67,4
194,176,4
159,109,4
89,8,2
192,102,2
137,86,4
11,7,4
87,91,4
207,56,2
27,163,4
199,124,2
42,140,2
91,203,4
71,196,4
186,115,4
4,90,4
160,128,2
152,158,4
62,160,4
94,147,2
77,52,4
134,150,2
162,123,4
12,25,4
164,33,2
142,74,2
7,162,2
133,90,4
1,26,2
160,66,4
100,67,2
2,159,4
84,42,2
167,68,2
6,103,2
51,8,4
139,51,4
137,45,2
89,207,4
121,121,4
122,4,2
90,15,2
2,52,4
50,72,2
60,39,4
136,31,2
146,11,2
181,17,2
139,129,4
19,56,2
114,203,4
129,77,2
91,61,4
100,140,4
176,152,4
152,19,2
5,93,2
59,25,4
179,125,2
57,125,4
152,120,2
196,50,2
53,37,4
193,173,2
148,89,4
26,51,2
21,117,4
28,186,2
41,115,4
31,126,4
49,15,2
182,20,2
80,54,4
3,28,4
53,183,4
14,7,2
145,119,2
28,55,2
117,53,4
12,116,4
74,78,4
56,131,4
129,179,4
159,145,4
41,50,4
100,134,4
3,57,4
65,189,4
117,166,4
119,134,2
137,170,4
44,151,4
17,167,4
142,154,4
93,40,2
104,126,4
43,98,4
53,193,4
131,58,2
176,124,2
174,114,4
163,14,2
193,4,4
88,50,2
33,24,4
149,86,4
105,147,2
148,169,2
52,54,4
187,84,4
39,4,2
33,22,4
75,193,2
57,13,2
14,171,4
112,200,2
24,2,4
20,96,2
189,68,2
184,104,4
1,138,4
67,129,4
178,153,4
181,178,4
51,90,2
17,32,4
196,93,2
152,178,4
101,113,4
164,115,2
26,6,2
59,197,2
106,98,4
37,165,4
4,49,4
203,13,2
0,162,2
127,197,2
6,5,2
23,119,4
185,181,4
202,16,4
168,164,2
70,183,4
65,192,2
157,45,4
63,28,4
186,183,4
182,121,2
118,29,2
120,85,4
178,112,2
108,2,4
192,120,2
104,130,2
129,100,2
163,127,2
152,110,2
171,100,4
6,34,2
150,187,4
184,32,4
158,119,4
13,104,2
60,29,2
16,96,4
6,40,2
25,47,4
175,104,2
107,77,2
69,27,4
24,93,2
152,56,2
92,185,2
148,62,4
32,153,4
185,39,2
115,36,2
204,158,4
130,75,2
156,85,2
33,34,2
144,52,4
203,38,2
74,85,4
5,195,2
201,151,2
189,169,4
24,191,4
73,22,2
99,195,2
21,147,4
203,105,2
189,95,4
67,87,4
62,94,4
128,93,2
73,194,4
157,63,4
55,166,4
142,113,4
111,112,4
135,203,2
189,35,4
156,78,4
167,38,4
16,67,2
94,189,4
19,126,2
187,197,4
105,110,4
181,144,2
18,128,2
75,167,4
73,2,4
165,92,2
141,127,4
168,166,2
31,171,2
87,14,4
55,183,4
174,38,4
13,179,4
44,165,4
143,65,4
196,86,2
14,168,2
164,155,4
24,131,4
114,200,4
65,185,2
66,162,4
189,51,4
118,160,4
123,141,2
176,176,2
144,192,2
24,36,2
87,30,2
7,3,4
196,206,4
3,188,4
8,201,4
55,89,2
14,40,2
195,116,2
52,110,4
68,158,2
82,120,4
172,178,4
165,168,4
167,88,2
137,94,4
75,64,4
136,23,2
69,21,4
193,103,2
0,90,2
40,99,4
183,167,4
201,131,4
81,73,4
137,72,4
196,162,4
34,75,4
56,204,4
172,107,4
46,78,4
137,185,4
205,27,2
99,194,2
142,149,2
38,204,4
20,83,4
145,133,4
22,200,4
93,168,2
84,169,4
157,175,2
46,113,4
98,81,4
146,69,2
67,169,4
178,34,4
191,110,4
7,148,4
205,162,4
177,97,4
197,77,4
9,160,4
205,99,4
4,160,2
130,38,4
37,188,4
207,142,2
164,173,4
113,24,4
89,25,4
123,157,4
175,105,4
63,147,4
16,151,2
138,130,4
41,7,4
71,9,4
65,120,4
4,176,2
109,24,2
33,136,4
51,109,2
168,182,2
145,72,4
92,34,4
100,194,4
27,40,2
93,88,2
42,26,4
158,179,4
199,97,2
7,140,4
81,167,4
181,25,2
85,114,4
10,47,4
134,170,2
28,92,4
83,34,4
38,131,4
47,163,4
167,99,4
4,207,4
197,144,4
128,173,2
18,205,4
48,108,4
75,125,4
76,26,2
51,73,2
136,76,4
11,206,4
12,135,4
51,3,2
199,36,4
194,155,4
174,84,2
106,90,4
83,201,4
118,31,4
131,74,2
191,43,4
60,140,4
206,190,4
57,204,4
50,110,4
93,132,4
179,21,2
151,37,4
203,112,4
0,31,2
129,78,2
47,73,2
86,150,2
63,39,4
110,175,4
146,187,2
84,153,2
93,87,2
60,163,2
190,180,2
76,65,4
50,102,4
33,9,2
2,112,4
10,104,4
147,71,2
155,40,4
32,179,4
64,157,2
168,83,4
11,30,4
161,137,2
74,96,4
195,81,2
85,27,4
4,195,4
129,55,2
130,1,4
136,20,4
13,179,4
201,79,4
15,21,4
130,79,2
108,200,2
50,11,2
105,71,4
158,7,4
95,23,4
106,6,2
5,49,4
57,32,4
124,116,4
21,158,2
64,50,2
141,168,4
4,199,4
5,90,2
162,176,4
32,139,2
155,147,4
20,37,2
92,139,2
96,63,2
116,131,2
83,30,4
177,103,2
142,150,4
170,132,4
194,90,4
30,197,2
56,131,2
51,30,4
90,31,2
31,116,4
14,64,2
12,166,4
175,0,4
75,123,4
64,103,4
179,166,4
40,77,4
127,76,2
110,159,4
104,205,2
136,184,4
27,183,4
40,10,2
68,15,2
104,115,4
197,8,4
92,80,4
93,167,4
88,145,4
201,99,2
117,51,2
99,7,4
140,149,4
72,135,4
177,121,4
117,70,2
128,51,4
149,175,2
75,68,4
16,61,4
166,68,4
26,54,4
36,18,4
77,104,4
138,71,4
177,31,4
42,196,4
21,47,2
185,64,4
132,133,2
134,85,4
189,122,4
72,198,4
4,30,2
62,28,4
178,157,4
173,143,2
93,89,2
160,201,2
110,66,2
113,16,2
13,41,4
128,23,4
172,203,4
202,118,4
136,189,4
51,122,4
73,130,4
50,66,4
114,51,4
129,57,4
166,163,2
49,21,4
160,178,4
203,204,4
48,49,4
23,14,4
61,184,4
98,75,2
99,178,4
68,159,4
75,79,4
56,77,4
6,138,4
60,72,2
189,164,2
77,89,4
137,59,4
42,53,4
138,116,4
203,155,2
18,16,4
137,23,2
189,55,4
178,74,4
38,85,4
149,147,4
98,15,2
78,73,4
90,39,4
205,33,4
195,151,4
123,95,2
133,90,2
102,170,2
21,9,4
100,34,2
201,176,2
45,144,2
160,200,4
124,138,4
136,101,2
153,15,4
182,27,2
84,83,4
113,93,2
41,11,2
207,188,4
138,88,4
151,181,4
15,163,4
70,145,2
123,134,2
97,159,2
171,136,2
73,3,2
18,24,4
16,75,2
51,122,4
31,55,4
65,148,4
101,184,2
104,123,2
205,165,4
107,131,4
162,61,2
194,180,4
128,122,4
46,70,4
117,19,2
165,12,4
141,131,2
48,98,2
43,85,4
39,130,2
115,50,2
31,43,4
174,3,4
155,154,4
99,174,4
102,194,4
135,208,4
132,84,4
137,111,4
155,155,2
113,19,2
75,73,4
124,180,4
166,178,4
171,200,2
172,107,2
124,30,2
75,175,4
165,105,2
0,149,4
59,141,4
203,37,2
180,143,2
144,51,2
128,60,4
1,99,2
126,65,2
42,14,4
191,27,4
18,141,2
184,93,4
88,52,2
195,75,2
162,15,2
44,113,4
75,45,2
157,103,2
180,198,4
37,165,4
33,56,2
127,193,2
69,149,4
18,33,4
90,113,4
69,181,2
198,60,2
48,126,2
128,108,4
43,114,4
196,109,4
85,72,2
18,150,4
147,206,4
176,109,4
88,161,2
58,5,4
195,122,4
7,85,4
42,22,2
109,199,2
176,37,2
127,31,2
150,62,4
165,81,2
86,40,2
18,198,2
97,103,2
127,176,4
147,142,4
122,136,2
126,13,4
159,198,4
165,16,4
167,11,4
113,167,4
30,174,4
105,135,4
118,1,2
126,163,4
70,49,4
110,53,4
194,194,4
103,177,2
179,26,2
161,130,4
20,59,4
128,69,4
128,30,4
49,38,2
53,51,4
110,130,2
57,153,2
58,46,2
146,193,2
96,138,4
159,116,4
23,183,4
202,115,4
187,90,4
174,109,4
49,5,4
200,103,2
190,3,2
66,151,2
79,180,4
123,67,4
106,126,4
95,68,4
19,25,2
96,151,2
138,57,4
77,34,4
149,82,4
57,206,2
132,165,4
70,193,4
104,143,2
162,110,2
17,192,4
127,7,4
122,1,2
62,77,2
75,147,4
156,155,4
174,166,4
24,18,4
22,93,2
57,152,4
113,58,4
112,55,4
207,83,4
77,133,2
23,147,2
50,100,4
41,100,2
96,162,4
205,107,4
45,186,4
31,116,4
160,205,2
172,2,2
71,82,4
105,58,4
0,147,4
75,37,2
85,153,4
60,29,2
131,49,4
21,68,4
207,140,4
53,72,2
23,57,4
155,147,2
9,154,4
184,60,2
90,143,4
110,153,4
74,156,2
113,181,2
64,4,4
147,88,2
117,45,2
140,204,4
140,33,4
88,10,4
56,122,4
167,119,2
206,51,2
50,184,4
135,55,4
164,139,2
94,112,2
17,154,4
152,169,2
133,117,4
13,27,4
47,195,2
77,192,2
21,97,4
179,97,2
0,110,4
142,85,4
201,190,4
30,206,2
80,157,4
1,22,4
44,116,4
192,174,4
20,137,2
53,154,2
61,42,4
79,147,4
39,183,2
62,191,4
30,107,4
96,92,4
154,131,4
98,63,2
69,206,2
25,176,2
198,57,2
35,79,4
149,191,4
132,2,4
79,146,4
192,109,4
142,91,4
116,108,2
81,130,4
208,134,4
125,30,2
169,137,4
16,157,2
154,63,2
72,106,2
141,68,4
173,179,4
179,53,4
172,19,4
42,176,4
0,195,2
99,162,4
66,49,4
139,108,4
1,18,2
165,152,4
172,187,4
132,33,4
62,159,2
112,122,2
138,198,4
167,7,4
207,82,4
83,76,4
126,80,4
93,136,4
45,66,4
26,138,4
30,194,4
82,52,4
131,65,2
76,173,4
150,78,4
128,46,4
69,74,4
179,112,4
145,49,4
167,189,4
133,114,4
150,45,4
117,206,2
120,196,4
161,70,4
149,141,4
103,32,4
119,5,4
106,123,2
199,5,4
19,165,2
69,74,4
208,138,2
55,138,4
98,136,4
208,173,4
4,135,2
199,29,4
29,55,2
30,68,4
190,183,4
154,108,2
166,64,4
73,113,2
29,84,2
63,31,4
71,119,4
63,198,4
168,18,4
159,190,2
196,136,2
17,88,4
58,194,2
106,183,2
132,101,4
106,19,4
84,202,4
96,32,4
24,102,4
28,119,4
97,62,4
85,106,4
98,171,4
83,101,4
32,146,2
61,62,2
7,79,4
71,206,4
179,113,4
86,208,2
149,177,4
131,103,4
157,43,4
167,48,2
38,96,2
105,205,4
9,8,4
42,32,4
1,53,2
99,186,2
4,4,2
106,118,2
139,170,2
188,184,4
100,16,4
192,59,4
144,188,4
160,20,4
23,47,4
130,80,4
78,40,4
203,181,4
196,159,4
141,91,4
78,59,2
183,18,4
128,186,4
171,57,2
191,14,4
80,33,4
76,83,4
83,126,4
180,91,4
49,101,4
78,153,4
84,98,4
10,169,4
60,198,4
57,94,2
116,149,2
138,105,4
30,97,4
6,49,4
169,10,4
134,189,4
140,56,4
175,147,4
123,43,4
57,115,4
112,155,2
132,111,4
104,163,4
87,42,4
118,117,4
113,173,4
10,45,4
53,70,4
108,168,4
39,83,4
61,44,4
144,184,4
172,208,4
125,11,4
192,178,4
178,51,2
205,56,4
40,135,4
137,191,4
101,123,4
203,101,4
27,83,2
159,158,2
8,144,4
138,11,4
112,56,4
5,1,4
52,127,4
176,139,2
162,74,2
98,127,2
113,200,4
207,72,4
145,185,4
148,81,2
47,80,4
59,18,4
92,135,2
34,152,2
88,34,4
34,93,4
70,73,2
119,64,2
52,12,4
124,130,4
146,132,4
194,102,4
176,160,2
185,149,4
161,195,4
69,111,4
107,48,4
80,137,2
185,59,2
104,182,4
166,37,4
145,115,4
197,192,4
167,63,4
75,104,4
108,187,4
66,108,4
120,71,4
54,42,2
85,14,2
69,193,4
83,129,4
77,90,4
30,26,2
24,52,4
81,147,2
103,179,4
171,188,4
158,4,4
114,20,2
119,83,2
99,158,2
118,105,4
194,90,4
88,36,2
38,197,4
39,25,4
74,139,4
19,37,4
165,65,4
69,200,4
153,9,4
103,0,2
7,140,4
21,132,4
102,12,2
4,90,4
169,168,4
127,179,4
31,182,4
29,129,4
164,146,2
45,171,4
112,202,4
95,126,4
194,173,2
51,204,4
194,207,4
45,179,2
89,84,2
10,170,2
62,97,2
45,109,4
205,17,4
127,49,4
40,179,4
121,58,4
30,74,4
177,119,4
124,131,2
112,165,4
26,179,4
10,91,4
132,174,2
29,194,4
159,205,4
112,111,4
91,179,4
196,206,2
83,8,4
101,124,2
146,135,2
163,177,4
206,160,4
40,187,4
4,46,2
172,189,2
19,178,2
204,124,4
53,204,2
33,176,2
127,157,4
32,17,4
0,13,2
159,104,4
155,161,2
31,109,4
110,100,4
95,113,2
41,97,4
205,202,2
31,63,4
207,48,4
114,73,2
21,101,4
35,99,4
29,55,4
166,78,2
83,80,4
45,90,4
90,4,4
97,46,4
168,127,2
140,168,4
112,74,2
134,7,4
13,186,4
132,113,4
170,36,4
153,168,4
134,197,2
53,68,4
190,199,2
4,73,4
79,48,4
74,70,4
142,191,4
110,71,4
166,27,4
133,91,2
156,111,4
78,123,4
30,159,4
159,68,2
186,62,4
43,154,4
149,67,4
7,15,2
141,111,4
198,1,2
177,70,4
194,83,2
6,62,2
18,59,2
73,112,4
102,151,2
108,57,2
49,36,4
208,81,4
131,183,4
66,76,4
68,178,2
67,110,4
160,203,2
130,60,2
118,140,4
16,103,2
24,170,4
187,60,4
178,109,4
55,13,4
103,115,2
47,67,2
85,50,4
55,126,4
88,152,4
79,160,4
121,93,2
4,89,4
75,154,4
34,73,2
134,52,2
188,2,4
115,15,2
56,83,4
99,25,4
70,161,2
79,42,4
106,120,4
71,86,4
148,133,4
128,81,2
51,28,2
126,44,2
37,62,2
111,143,4
172,153,2
141,122,4
76,164,4
90,21,4
14,88,4
72,9,2
127,18,4
22,96,2
13,152,2
69,156,4
6,114,2
64,191,4
108,93,2
37,137,2
42,144,4
208,71,4
90,112,2
106,80,2
72,44,4
198,122,4
183,113,4
105,35,4
7,188,4
22,180,4
167,42,2
12,52,4
149,63,2
197,131,4
91,63,4
104,124,4
167,114,4
89,45,2
19,167,4
22,128,4
64,123,4
13,103,4
53,185,4
96,29,4
70,204,4
112,94,2
15,128,4
168,13,2
141,89,4
179,130,2
89,160,2
199,204,4
54,201,4
113,93,4
55,167,4
49,53,4
59,112,4
69,75,4
144,40,4
184,198,4
55,0,4
165,88,4
51,105,4
2,7,2
139,138,2
114,68,4
98,44,4
39,155,2
42,55,2
117,96,4
199,8,2
174,150,2
48,204,4
115,17,4
149,78,2
132,190,4
207,142,2
108,161,4
64,139,4
191,152,4
45,40,2
30,180,2
201,137,2
54,88,2
80,201,4
141,105,4
52,23,4
86,16,4
111,86,2
85,18,4
27,169,4
91,58,2
168,21,4
79,42,4
40,39,2
139,98,4
99,82,2
201,154,4
200,22,4
19,73,2
130,0,2
126,75,4
71,149,4
132,166,4
2,32,4
57,20,4
172,23,4
146,184,2
172,184,4
168,126,4
16,132,4
44,31,4
71,184,4
188,105,4
201,54,2
63,10,4
61,189,4
32,24,4
148,115,4
112,183,4
138,180,4
100,82,4
13,61,2
117,62,2
17,88,4
147,190,4
131,38,4
205,103,2
28,167,4
31,52,4
39,27,4
181,79,4
83,116,2
114,125,4
173,87,2
33,190,2
103,110,4
92,6,4
185,144,4
162,171,4
62,121,4
208,42,4
192,206,2
191,128,4
18,91,2
95,138,4
130,169,4
165,205,2
148,78,4
149,132,4
58,102,4
81,171,4
100,195,4
186,28,4
119,174,4
174,104,4
114,67,4
23,95,4
67,172,4
151,112,4
62,90,4
173,44,4
58,181,2
5,59,4
181,119,4
197,8,4
92,29,4
47,167,4
159,191,4
76,203,4
67,125,2
158,62,2
32,27,4
140,129,2
183,153,2
8,155,2
39,189,4
51,36,4
140,98,4
199,45,4
26,29,2
40,124,4
97,144,4
174,163,2
118,181,2
124,70,4
121,73,4
97,123,4
44,205,4
119,60,4
116,173,4
93,39,2
207,73,2
23,81,2
64,17,4
51,124,2
36,116,2
165,28,2
151,198,2
119,84,4
97,46,4
31,16,4
143,160,4
57,200,4
169,182,2
7,16,4
48,8,4
158,60,4
120,4,4
46,115,4
182,168,4
94,44,4
118,174,2
119,98,4
185,134,2
29,172,4
80,180,2
187,148,2
114,22,4
137,113,2
60,171,4
142,111,4
128,76,2
185,195,2
93,41,4
3,53,2
116,24,4
169,71,4
69,168,4
33,168,4
207,203,2
71,61,2
10,96,4
196,11,4
140,179,4
58,101,4
139,106,4
185,82,2
0,94,4
73,168,4
44,22,2
72,96,4
114,95,2
0,35,4
173,50,4
110,161,4
109,36,2
169,97,4
141,174,2
146,199,4
75,25,4
140,26,2
13,86,2
29,145,4
28,192,4
81,118,2
123,81,2
183,84,2
115,116,2
193,189,2
95,202,4
41,177,4
70,197,4
26,91,4
87,2,4
134,199,2
96,167,2
149,206,4
86,114,2
170,180,2
35,141,4
43,113,2
80,31,4
41,66,4
7,36,2
185,36,4
87,18,2
84,124,4
59,47,4
91,208,4
193,89,2
74,80,4
136,78,4
45,92,2
117,151,2
173,188,4
88,12,4
185,9,2
152,117,2
30,78,4
174,158,2
166,35,4
72,123,4
64,55,4
126,22,4
97,138,2
88,149,4
18,150,4
103,76,4
160,47,4
198,72,2
60,46,2
119,99,4
85,104,4
18,198,4
59,162,4
141,19,4
103,146,4
70,172,4
47,166,2
85,205,2
112,147,4
53,193,4
66,86,2
82,8,4
88,178,4
79,23,4
185,122,4
71,168,4
179,130,2
122,107,2
130,48,2
105,42,4
10,62,2
9,148,2
78,208,4
151,154,4
101,73,2
166,25,4
81,173,4
91,78,4
196,128,2
51,18,2
118,116,4
159,172,4
120,62,2
59,6,2
186,117,2
203,70,4
151,65,4
148,109,4
95,35,4
168,68,4
86,78,2
40,87,4
167,208,2
206,23,4
101,157,2
75,146,2
150,18,4
107,92,4
132,186,2
28,75,4
142,195,4
79,16,4
204,49,4
70,11,4
104,33,4
119,91,4
36,44,2
204,17,4
127,69,2
86,108,4
25,206,4
34,126,4
122,96,4
88,146,2
190,108,4
161,4,4
157,69,2
0,167,4
108,77,4
137,73,4
73,138,4
197,206,2
6,110,4
6,172,4
132,51,2
190,45,4
148,13,4
95,76,4
107,27,4
86,193,4
18,6,4
131,176,2
45,165,4
100,173,4
189,0,4
34,207,4
25,75,4
34,35,4
199,191,4
148,142,4
14,21,4
1,174,2
167,162,4
132,52,4
78,200,2
164,35,2
184,12,4
150,188,4
88,136,4
88,74,4
20,97,4
92,146,2
97,148,4
184,37,4
13,138,2
13,168,2
188,153,4
140,134,4
22,157,4
2,135,4
35,67,4
123,8,4
105,146,4
122,69,4
120,200,4
140,203,4
153,3,4
11,161,4
112,55,4
68,162,2
25,165,2
33,77,4
145,113,4
58,198,4
49,208,4
88,128,4
157,188,4
149,5,4
13,64,4
127,164,2
196,8,4
198,46,4
128,102,4
35,202,4
97,161,4
8,97,4
192,27,4
40,89,4
44,28,4
118,23,4
187,103,4
52,86,4
92,93,4
95,120,4
35,2,4
102,2,4
66,79,4
179,175,4
186,158,4
114,144,4
167,75,4
176,144,2
130,137,4
6,109,2
2,106,4
19,85,2
180,41,4
75,175,4
89,59,4
9,169,4
189,191,4
7,63,2
13,23,4
15,161,4
176,171,4
43,207,2
182,120,4
76,54,4
97,21,4
183,165,4
47,153,4
196,39,4
3,190,2
66,51,4
190,20,4
7,42,4
169,23,2
117,22,4
0,171,4
15,154,4
27,42,4
106,91,4
85,35,4
166,18,4
141,85,4
172,175,2
111,177,4
78,79,2
177,43,4
109,56,4
3,105,4
190,177,2
208,140,4
85,153,4
22,204,4
53,96,2
195,105,2
142,147,4
90,137,4
101,43,4
172,101,2
41,57,4
142,142,4
194,85,2
21,88,2
196,87,2
190,56,4
189,118,2
93,195,2
139,189,4
92,84,4
145,8,4
194,27,4
95,45,4
107,147,4
126,182,4
18,192,2
54,62,4
28,168,4
201,111,2
98,113,4
143,155,4
61,152,4
59,122,2
56,4,4
110,56,2
193,83,4
86,157,2
39,153,4
65,171,4
61,204,4
99,192,4
51,154,4
207,154,2
2,18,2
106,187,2
13,168,4
186,9,4
177,165,4
54,76,4
187,155,4
61,116,4
27,110,2
100,122,2
186,88,2
150,70,2
149,16,4
14,99,4
154,8,2
59,7,4
29,67,2
201,14,4
179,193,4
14,153,4
16,152,4
130,172,2
55,196,4
183,191,4
129,186,4
93,85,4
124,50,2
93,200,2
156,103,4
66,68,4
208,45,4
68,120,2
169,70,4
79,128,2
157,10,2
86,70,2
183,204,4
141,5,4
41,204,2
178,177,2
65,127,4
109,179,4
158,42,2
50,36,4
126,49,4
189,165,2
59,114,4
61,103,4
135,65,4
70,33,4
204,129,2
116,69,2
16,3,2
36,49,4
67,54,4
166,190,4
12,56,2
58,208,2
59,200,4
53,135,4
174,131,4
138,11,4
186,176,4
138,162,4
189,80,2
150,149,2
148,89,4
61,82,2
205,165,4
